109
184
174
71
112
73
108
106
98
89
75
86
95
102
89
151
86
122
79
157
135
93
80
66
87
267
77
113
132
99
166
152
85
86
120
105
106
94
91
203
100
96
102
181
86
110
80
125
149
113
107
93
98
106
131
73
87
154
78
99
171
129
112
89
84
137
124
113
113
93
133
144
86
97
98
96
92
100
115
98
107
111
68
138
74
114
79
80
105
103
167
168
132
136
117
115
90
98
88
97
100
142
185
98
97
89
141
97
81
108
103
104
87
111
72
151
87
152
125
140
117
100
135
106
98
106
97
114
141
104
84
129
91
77
111
128
90
117
109
108
81
203
108
130
131
143
77
98
149
75
122
112
126
101
105
90
139
123
107
69
67
88
89
79
148
86
129
90
123
125
125
88
118
133
145
92
83
78
89
114
218
82
80
149
90
69
109
80
122
88
173
91
78
163
128
158
110
72
63
80
206
82
122
92
107
151
136
123
101
107
80
94
94
83
119
127
95
100
83
63
102
120
84
275
79
116
78
183
120
104
92
116
111
80
70
76
81
186
99
92
109
87
184
99
140
101
103
256
84
120
94
108
132
118
199
143
103
170
115
91
89
150
96
81
84
215
67
77
147
90
111
93
142
87
116
259
97
92
97
82
77
145
150
79
80
112
107
89
122
102
102
93
110
130
103
127
65
133
83
71
86
133
157
107
160
225
121
222
68
117
90
128
96
129
91
189
137
96
102
89
127
113
74
68
84
87
118
76
155
138
103
94
96
142
103
86
85
93
133
71
138
110
143
100
72
83
97
153
136
81
128
137
115
91
134
104
74
126
171
87
84
205
157
61
111
90
90
194
155
114
99
101
195
98
80
101
130
125
125
69
84
126
80
175
110
113
133
159
205
126
85
151
97
107
126
104
145
126
106
94
92
87
107
178
85
84
98
146
95
118
193
76
133
80
85
79
149
115
98
138
107
122
110
69
74
101
93
116
76
135
134
133
91
125
104
149
125
83
156
107
149
102
67
108
133
78
67
170
105
95
80
90
174
84
182
126
115
113
79
252
115
105
125
90
92
162
96
109
81
186
98
110
128
182
61
103
96
93
117
107
71
87
97
163
219
91
80
122
106
88
69
158
94
103
77
100
138
124
103
110
94
104
67
91
98
93
99
123
110
175
118
136
87
96
90
164
120
91
95
141
86
79
139
70
134
72
109
105
109
78
108
118
121
106
71
104
98
75
178
98
127
96
135
101
134
164
122
69
87
132
155
74
98
116
121
80
87
93
85
67
138
183
91
145
117
113
151
127
110
102
82
132
101
151
212
157
161
85
203
134
137
100
95
85
122
120
86
150
119
83
102
81
255
124
80
73
108
71
114
178
95
102
116
96
80
91
120
100
139
88
158
177
149
100
99
83
132
171
137
141
105
143
113
77
124
156
112
140
134
74
89
143
86
113
150
140
74
84
97
114
139
72
90
146
97
110
71
189
98
127
69
90
102
91
97
78
105
106
88
120
68
132
92
82
151
166
150
134
136
100
146
92
82
118
125
97
74
104
80
97
108
91
93
75
63
104
90
174
83
106
146
92
81
154
153
125
144
89
150
98
115
115
109
117
148
91
97
207
159
103
174
134
157
105
89
126
84
82
72
125
115
138
92
89
97
75
103
102
108
72
104
136
189
117
157
113
172
152
92
130
153
84
81
113
111
85
97
96
162
88
120
90
117
143
86
116
112
94
107
183
106
103
106
77
74
101
159
77
92
128
101
89
109
121
87
114
109
108
111
75
135
90
101
98
171
78
82
121
92
134
103
103
86
74
202
114
101
123
98
128
231
143
100
132
87
104
103
80
276
120
177
182
111
120
100
72
135
170
68
125
90
139
89
111
179
133
99
165
133
222
88
114
71
101
142
94
123
112
90
225
150
122
87
123
77
68
125
209
121
99
68
101
115
124
100
121
134
109
63
126
120
85
135
104
78
85
87
71
149
79
69
244
103
123
117
83
170
81
131
90
82
87
92
94
155
124
99
87
94
77
98
70
98
71
130
96
84
89
83
100
88
101
127
76
67
91
74
121
130
90
98
76
103
99
130
131
100
98
113
126
133
115
76
93
103
89
165
131
82
126
113
57
114
117
168
173
116
181
84
89
61
70
69
109
106
102
153
99
85
71
119
123
73
82
83
108
117
138
81
122
106
72
69
138
87
85
76
85
111
75
105
95
81
149
122
97
151
165
105
135
130
68
112
191
131
155
105
182
102
143
99
173
78
109
158
84
79
117
142
77
131
140
83
98
133
143
87
105
74
111
134
102
113
80
138
147
215
157
116
150
122
110
111
103
131
124
101
130
103
109
103
103
137
110
79
73
88
116
115
90
148
107
116
105
98
97
101
125
185
139
96
75
88
105
100
283
91
84
94
107
187
87
225
86
99
102
98
78
120
101
89
144
226
94
144
91
69
137
73
80
104
128
84
129
159
242
81
110
100
136
107
136
100
104
67
65
68
104
91
89
139
96
108
136
126
196
82
111
163
74
94
138
81
81
177
128
109
98
82
78
115
77
150
127
157
127
143
103
148
164
122
178
144
89
73
86
77
116
100
182
142
114
108
126
137
90
112
91
149
62
80
90
151
98
133
96
101
118
98
80
129
97
89
91
79
85
84
142
95
80
74
124
79
154
165
126
125
72
143
99
87
83
104
63
132
131
96
125
58
68
141
117
114
159
138
120
149
113
101
77
211
87
140
183
61
124
143
99
102
87
130
79
254
125
135
68
110
104
165
96
110
105
139
87
116
145
142
129
79
82
97
106
127
91
97
88
70
107
99
108
66
118
142
85
132
208
133
65
114
82
83
174
114
76
117
102
96
115
107
134
122
146
179
130
133
116
111
104
121
87
93
84
139
160
105
94
108
147
95
148
171
101
82
124
127
92
138
150
90
100
173
130
108
117
142
77
111
81
70
132
88
90
293
68
150
142
146
131
139
123
90
95
170
133
68
109
106
131
147
205
102
92
99
98
219
134
81
81
235
75
96
83
232
89
80
93
95
125
108
91
100
137
243
95
88
173
102
101
84
91
149
77
86
100
74
76
163
67
125
120
210
139
89
190
110
98
132
127
86
150
138
104
139
81
121
172
92
103
193
96
128
111
80
87
212
120
108
81
122
83
100
132
63
129
89
76
119
96
114
94
99
190
129
129
120
88
91
89
139
99
73
114
64
98
173
111
190
128
120
107
111
172
80
151
99
168
69
127
133
104
70
98
99
103
116
101
112
84
74
79
88
188
137
82
94
135
107
97
78
146
104
94
142
157
91
139
108
61
116
80
108
111
155
137
85
132
121
148
76
98
157
101
94
93
142
92
87
77
141
126
85
79
144
103
148
128
94
108
98
85
84
99
68
111
105
123
96
293
83
90
145
114
93
96
84
121
83
94
92
100
74
96
72
77
171
79
121
144
125
92
72
87
105
178
88
121
73
75
98
