112
68
108
79
72
82
77
84
82
89
82
73
72
78
102
87
87
137
94
76
93
84
83
103
87
73
127
86
72
79
95
123
97
81
129
94
109
95
87
78
61
74
118
149
78
105
126
87
92
86
87
77
88
71
115
90
71
113
95
72
75
68
83
90
83
73
67
72
113
171
67
73
101
80
106
105
68
79
78
184
81
109
77
70
89
82
89
99
86
76
78
100
110
79
66
86
97
145
89
91
136
98
90
72
69
112
76
156
106
84
95
78
83
80
73
73
115
82
108
90
60
92
86
129
100
70
177
126
77
96
76
124
117
199
75
113
76
85
129
126
82
91
82
103
81
81
84
108
74
93
77
62
146
106
95
85
93
78
79
74
101
102
65
77
80
128
82
167
92
80
85
103
113
123
71
79
74
101
116
114
95
82
127
70
103
60
75
100
83
66
85
86
175
144
90
73
105
88
88
89
116
84
158
104
147
126
74
79
76
94
138
91
73
97
272
103
66
92
121
85
84
78
83
79
90
99
65
108
112
71
148
79
112
108
79
69
85
67
81
105
64
71
89
95
133
80
82
91
107
97
82
86
68
77
82
100
207
62
123
73
91
82
79
84
90
96
115
67
129
77
104
115
129
95
88
72
90
68
74
88
77
101
85
63
88
103
171
166
89
89
67
84
68
111
91
89
106
80
131
122
154
122
69
69
82
66
78
71
91
78
88
155
81
215
65
91
64
171
232
86
224
87
148
64
87
94
77
104
206
131
63
70
113
132
70
88
145
76
107
118
90
128
164
67
66
87
87
91
115
103
144
68
92
75
96
158
71
83
88
145
61
128
69
114
67
102
90
88
99
72
90
131
157
85
68
94
127
84
100
89
62
120
69
101
101
77
128
82
78
66
90
99
118
85
122
99
69
104
88
67
73
70
86
95
189
66
73
70
114
77
68
91
123
161
106
123
80
82
94
101
99
95
127
85
81
79
77
89
78
101
84
179
84
89
63
79
72
115
68
73
109
113
93
113
128
136
78
117
110
80
57
86
118
78
91
120
110
84
78
84
88
118
98
117
102
86
83
83
113
115
56
88
106
112
89
100
80
122
73
91
112
227
94
73
108
82
107
64
88
80
70
158
82
90
68
62
102
141
92
132
67
133
103
75
90
256
75
90
105
94
117
87
104
100
57
163
64
83
135
96
119
91
67
71
117
84
97
137
88
77
120
69
68
68
93
91
121
80
81
77
88
101
127
80
87
105
82
129
79
67
89
72
152
81
98
121
93
101
133
77
93
79
74
85
81
63
99
118
74
127
74
91
80
92
89
106
85
88
98
69
76
95
95
83
126
106
125
77
74
149
78
172
82
91
66
75
151
101
101
106
70
132
90
63
89
77
105
66
97
105
151
76
102
93
79
95
107
122
122
87
150
162
117
80
122
101
72
108
106
86
80
82
110
96
82
132
67
91
99
76
116
108
69
81
95
196
78
66
86
65
102
80
79
96
120
83
88
86
82
72
141
86
98
74
65
292
70
137
110
109
69
59
100
113
78
171
106
98
109
75
119
96
79
91
96
104
89
88
66
96
62
78
95
109
76
79
167
121
77
92
98
76
82
72
61
85
67
73
109
59
95
95
84
64
109
104
201
83
83
100
76
97
104
99
81
110
99
77
109
121
82
72
73
72
117
132
87
67
69
106
78
64
84
74
54
68
100
79
101
64
120
66
92
140
87
75
68
105
86
85
89
99
69
73
66
81
106
62
142
141
87
98
137
88
64
87
101
59
72
84
65
83
128
97
87
84
71
177
105
94
63
84
73
69
100
81
105
68
150
98
92
83
107
94
80
143
112
80
96
77
122
102
68
81
117
92
98
69
193
90
113
157
139
86
152
118
68
74
122
67
60
69
94
121
90
78
74
78
75
96
74
105
76
85
128
102
71
69
131
95
84
138
110
72
59
77
103
128
92
75
114
102
82
79
93
76
75
108
179
141
65
109
69
80
98
128
85
71
82
73
143
249
90
66
65
113
111
101
71
121
171
68
182
86
70
82
82
113
72
97
82
66
121
92
78
95
100
145
89
77
92
81
230
127
120
75
64
69
87
90
98
139
78
84
96
121
92
87
108
67
81
89
85
98
89
124
79
83
92
73
80
77
73
110
70
117
176
74
87
65
117
124
80
246
182
108
75
110
100
131
118
80
80
108
126
71
127
101
101
92
82
75
88
88
80
80
74
104
131
87
65
84
98
67
99
76
76
92
95
111
114
77
86
203
88
96
235
91
78
95
76
78
110
76
86
60
124
83
102
71
59
58
94
86
115
78
85
78
77
176
85
80
107
193
109
88
93
89
