247
314
263
278
258
255
533
282
246
299
217
267
330
246
195
247
199
592
261
397
475
329
370
500
246
276
328
289
223
261
220
338
323
229
284
373
647
237
232
423
276
484
211
262
242
358
223
426
287
189
198
320
455
250
368
378
333
419
373
242
291
250
307
216
412
300
267
240
425
273
244
292
211
173
278
218
492
310
269
281
247
303
325
506
271
381
287
239
348
353
260
324
238
368
288
250
328
338
267
315
274
264
289
301
300
258
222
257
287
295
251
237
260
308
509
206
206
562
400
484
396
271
275
339
305
305
256
456
286
364
360
250
235
244
256
370
271
326
616
291
293
223
385
311
325
272
279
277
294
356
285
226
258
222
463
296
276
220
400
443
309
226
291
187
263
314
429
365
438
371
271
317
284
292
279
339
936
414
198
663
225
488
266
210
229
419
219
272
306
259
355
366
250
346
324
194
282
259
259
342
277
320
239
266
309
331
250
279
386
227
210
247
329
448
209
324
224
220
279
475
246
237
386
289
202
415
339
495
393
237
235
355
496
453
246
325
305
407
268
228
304
266
580
283
742
287
304
302
217
321
430
331
742
327
504
233
309
216
266
368
238
332
290
187
212
202
340
281
241
333
338
292
350
193
336
848
195
240
308
282
462
208
237
353
382
236
293
328
213
248
317
448
287
213
263
210
257
250
374
276
217
503
241
469
213
293
252
267
535
364
269
197
322
212
450
236
278
255
252
591
303
249
285
400
288
264
253
250
289
299
237
413
216
384
208
249
341
432
346
320
369
331
217
450
185
188
325
308
198
262
333
286
403
366
239
420
334
444
269
186
178
326
350
391
307
288
238
333
275
368
299
253
254
300
413
939
361
272
316
272
553
441
187
206
239
262
268
274
426
250
439
292
278
279
478
276
298
216
267
272
481
506
228
261
299
431
443
319
430
334
229
270
306
296
417
240
526
322
500
369
361
289
268
421
268
353
334
285
472
293
247
233
235
492
526
185
340
263
407
249
242
288
290
225
287
236
328
361
334
210
221
202
309
251
225
243
410
241
238
251
302
244
432
250
229
231
304
411
243
238
384
199
274
486
254
257
432
258
630
201
293
271
317
288
262
273
347
285
313
337
246
300
236
214
233
250
222
392
269
272
245
195
411
333
385
313
222
236
313
229
205
344
261
332
201
325
281
263
395
179
242
198
354
260
232
258
269
276
363
282
253
324
271
235
233
481
239
389
320
249
341
333
469
253
327
299
404
208
590
279
389
223
384
272
273
260
279
277
285
310
173
218
251
244
194
741
234
175
295
164
223
413
321
254
336
216
246
277
482
291
247
377
456
468
262
374
260
277
318
335
260
244
275
208
248
276
293
404
189
372
326
402
281
471
389
304
277
312
300
276
369
172
469
319
199
256
230
353
191
188
236
732
338
432
315
403
263
229
473
362
315
200
467
469
217
409
310
337
227
243
211
245
289
243
425
243
318
203
270
267
300
220
536
253
351
177
232
242
457
194
322
247
499
266
371
186
392
504
287
234
355
205
302
242
303
257
304
311
268
321
415
228
382
324
360
201
255
376
263
416
295
487
200
315
221
217
283
486
369
285
243
344
394
483
263
264
352
289
226
179
231
235
406
349
258
260
347
307
170
256
311
348
320
379
570
400
305
239
215
255
217
286
334
296
389
305
253
273
203
449
308
282
237
236
232
314
287
273
328
299
191
260
289
346
196
457
262
381
222
290
333
333
218
301
422
265
389
229
223
312
474
178
208
284
295
200
241
315
229
217
317
714
266
316
282
309
327
221
314
229
262
208
263
258
188
322
311
423
203
266
255
234
347
266
578
270
327
442
314
304
219
306
291
314
440
247
315
211
254
493
501
327
255
371
225
339
250
252
546
229
162
281
431
284
316
206
226
275
287
445
257
239
280
401
469
461
438
254
600
182
388
297
298
241
263
237
255
281
438
217
233
419
266
335
631
664
349
317
297
201
216
244
274
243
301
312
288
234
185
299
249
241
380
191
512
422
325
210
234
452
456
324
270
273
344
333
269
240
259
292
365
286
486
341
247
214
314
264
289
310
252
535
472
292
316
420
260
280
381
350
270
308
181
252
280
316
250
314
287
333
529
343
335
219
641
286
417
217
348
303
213
218
305
456
958
253
246
255
230
196
310
270
216
354
207
649
281
304
285
356
257
340
227
193
280
239
361
282
243
410
320
373
279
283
241
277
306
312
284
272
341
239
435
324
1062
472
373
332
268
505
396
258
234
251
350
305
241
428
280
233
1023
298
459
359
259
224
410
215
186
281
284
312
234
337
256
294
411
219
376
257
308
232
210
339
304
274
274
272
222
341
297
277
266
256
276
206
283
246
417
533
269
312
243
555
290
199
236
371
230
440
376
337
366
233
274
252
366
270
527
288
550
245
296
230
274
340
277
616
370
249
265
211
326
427
191
271
281
252
191
347
207
278
340
214
269
336
243
274
176
322
243
252
274
324
237
288
469
625
404
292
317
232
274
605
504
206
401
238
255
274
236
521
374
219
264
316
330
255
523
287
240
259
454
270
281
222
230
450
503
340
528
538
496
380
464
228
229
331
339
291
265
231
250
425
196
229
296
342
250
259
211
349
196
345
279
278
258
531
637
539
252
377
295
340
450
277
243
366
328
273
291
410
251
260
219
245
367
300
394
368
360
239
341
212
257
277
276
332
211
292
261
260
394
211
385
318
226
269
221
255
401
241
299
392
278
236
222
213
331
297
226
405
391
306
328
242
314
271
206
253
345
507
294
248
234
204
177
250
353
301
268
201
329
469
798
276
389
335
300
296
263
212
281
182
215
645
222
202
249
215
258
235
284
229
424
209
247
265
243
295
403
290
272
277
380
273
510
313
302
307
231
254
338
287
305
302
287
283
231
299
327
273
236
282
480
321
523
236
226
267
310
244
200
328
263
282
500
251
407
338
384
499
226
270
427
262
211
357
391
173
287
251
241
341
345
261
327
282
193
259
353
326
242
260
264
275
345
278
237
281
217
224
286
266
257
239
197
290
282
422
493
232
220
228
248
262
279
233
231
252
251
261
450
385
303
228
246
326
653
217
247
407
317
304
361
344
368
361
536
445
260
178
276
317
374
368
313
338
384
301
434
359
274
258
290
314
267
523
221
300
261
261
289
195
180
459
164
299
273
237
242
224
317
322
250
423
262
235
270
354
314
614
363
466
313
362
254
239
301
324
177
289
347
267
420
375
314
233
421
529
338
297
426
240
351
223
389
218
242
250
230
302
239
213
317
231
514
294
228
217
257
238
219
303
228
208
258
562
193
275
268
304
250
172
327
289
230
253
400
181
248
222
269
281
198
319
271
435
259
330
689
630
191
333
285
270
377
259
269
199
1101
226
255
410
252
277
205
395
457
196
220
297
312
315
203
564
198
329
300
278
290
314
358
262
214
269
231
269
472
388
342
303
405
446
231
258
215
262
224
282
451
241
297
241
299
263
206
305
209
220
798
311
346
422
277
371
287
269
230
230
268
326
306
236
301
298
173
190
321
243
306
251
410
312
322
396
247
292
291
680
300
190
522
315
242
373
277
357
286
257
262
242
238
354
210
248
372
362
247
291
228
289
322
266
194
313
268
278
375
268
279
305
362
354
548
303
227
281
283
353
242
247
227
557
303
241
244
313
236
268
320
250
215
298
395
209
366
315
358
430
258
334
217
295
305
321
377
232
354
226
251
267
255
374
311
319
203
309
322
209
397
270
263
423
270
291
309
239
223
219
261
240
268
263
516
235
454
222
422
255
295
340
172
290
232
212
201
379
351
317
344
299
240
237
265
299
173
286
368
232
281
295
336
285
290
390
332
343
437
308
256
378
202
226
220
247
362
343
599
270
409
273
348
210
277
491
317
283
536
256
294
386
202
485
456
292
318
227
304
244
190
205
290
215
227
216
318
300
341
317
264
521
230
888
255
273
262
232
258
272
340
481
243
271
245
297
300
298
258
257
307
376
272
283
316
274
237
350
253
557
363
220
299
224
311
222
354
278
324
225
357
239
343
284
214
391
337
224
294
510
280
237
706
316
242
286
212
246
341
324
261
400
267
226
287
445
209
235
386
315
241
446
633
411
287
320
220
242
320
324
265
212
314
365
383
202
199
251
268
258
278
265
295
196
264
286
317
288
404
254
249
245
188
380
198
231
275
347
366
295
349
231
469
289
345
256
540
196
424
407
191
262
186
415
305
250
276
263
205
229
254
263
238
364
209
172
285
232
182
225
310
284
224
334
460
232
