120
91
133
110
111
90
133
143
84
95
124
96
90
74
69
85
254
95
106
78
107
75
89
140
85
120
98
118
90
93
77
84
226
75
110
167
106
151
119
106
83
112
117
101
109
87
123
122
137
164
110
77
132
97
73
122
85
76
163
116
142
133
179
108
83
99
93
147
106
79
102
107
120
138
112
114
158
126
88
89
94
88
100
86
85
98
89
158
111
201
114
82
141
133
121
103
99
100
85
107
104
128
84
95
231
163
142
73
112
138
83
106
99
90
124
89
132
112
178
92
86
123
99
146
87
97
109
115
97
118
85
156
122
81
109
100
89
92
82
114
113
126
110
153
101
86
129
105
96
115
128
90
114
79
130
134
93
117
97
95
142
84
79
153
150
141
82
131
139
93
70
151
246
104
123
92
94
68
135
123
98
69
68
125
166
85
102
92
98
69
62
101
105
90
80
106
85
127
201
78
94
83
137
94
70
98
71
83
129
96
134
104
111
89
94
148
109
82
128
68
111
91
68
73
84
97
99
87
85
98
118
155
140
128
100
127
121
90
107
105
193
127
213
141
89
126
136
81
186
118
86
102
80
142
100
145
98
123
85
104
169
96
125
93
93
97
72
169
109
104
207
89
86
134
142
125
78
89
64
156
101
105
129
90
92
170
171
92
188
84
105
120
96
168
88
72
90
141
77
93
136
112
116
70
153
92
87
73
106
107
97
117
133
87
129
126
136
89
175
105
272
128
79
199
91
104
75
167
77
90
185
75
95
71
61
94
107
81
115
87
93
174
92
107
84
195
136
95
120
128
121
108
91
101
63
88
135
156
104
110
182
95
130
92
95
107
85
83
135
70
150
120
125
78
227
178
84
138
101
185
153
121
128
75
81
99
139
106
149
111
107
133
69
134
111
92
126
87
106
110
188
78
104
82
213
147
127
77
157
88
82
102
98
69
110
112
84
204
128
65
112
72
87
173
96
138
113
127
178
123
101
99
91
148
176
99
72
91
73
123
124
88
138
91
66
89
150
72
99
155
141
85
102
100
92
150
95
83
110
123
129
116
180
109
119
171
119
176
226
133
99
176
175
100
102
95
98
104
80
109
78
103
130
175
128
152
73
107
81
171
154
107
95
179
144
58
97
86
188
93
115
121
119
126
104
64
117
86
88
114
141
65
116
96
155
92
141
127
94
61
216
159
122
98
126
121
77
91
79
97
158
83
150
78
111
133
93
74
91
76
111
154
100
115
103
164
90
100
102
89
168
131
163
69
76
78
113
105
117
121
98
155
124
85
79
137
86
162
79
135
137
179
142
131
160
119
86
135
120
146
105
95
109
123
97
126
104
174
136
90
130
111
113
133
85
126
130
126
103
92
103
106
122
95
154
99
101
138
94
88
142
119
106
104
79
98
99
118
63
123
150
117
105
90
129
112
63
151
132
91
107
155
76
83
95
127
153
73
111
96
105
115
92
90
109
137
97
87
114
106
78
142
112
88
70
89
152
109
103
93
129
92
134
138
205
126
87
145
93
81
125
83
151
129
80
141
93
97
92
107
118
131
124
169
111
96
70
102
108
172
119
117
69
169
127
160
98
93
176
161
102
134
153
82
158
138
138
131
134
96
185
95
106
123
102
112
117
200
112
91
114
74
103
66
106
75
104
103
223
189
76
104
94
96
117
90
121
185
119
100
121
163
130
103
80
118
115
122
108
157
80
165
128
98
126
178
82
132
76
115
163
112
121
86
121
105
102
63
86
112
93
117
101
86
104
117
112
85
81
110
85
89
112
190
115
115
102
85
92
106
121
95
97
82
90
117
133
109
85
108
119
72
145
78
110
111
94
112
105
180
105
256
81
95
107
111
117
152
135
158
114
79
103
68
240
91
96
92
90
111
163
202
134
80
170
86
103
96
109
96
143
162
103
91
122
76
124
129
92
101
151
121
111
78
174
125
88
159
76
181
164
53
126
116
109
96
123
68
62
154
136
81
125
102
201
103
94
95
79
201
131
92
73
120
186
113
149
122
93
117
115
144
81
113
75
80
90
102
68
130
104
85
78
83
154
152
86
126
68
112
99
114
229
137
102
96
116
107
115
90
110
88
109
90
182
81
115
127
75
89
164
144
135
105
81
124
98
120
129
79
78
125
134
175
179
117
87
176
198
104
124
164
117
119
98
153
103
99
105
93
136
93
120
77
111
165
67
68
129
74
84
134
108
180
103
218
99
101
115
90
108
201
136
116
130
89
85
154
86
114
79
130
223
120
169
197
132
98
80
103
121
99
94
82
64
90
158
123
118
87
142
86
91
80
103
106
126
88
143
130
99
118
135
100
102
98
89
93
154
102
110
92
153
120
91
78
147
92
106
96
106
116
108
146
103
131
95
146
132
204
124
130
100
111
121
92
95
103
123
134
177
114
122
88
139
141
80
90
137
90
82
86
156
71
132
149
102
104
80
73
107
139
88
80
111
66
199
111
99
92
118
93
152
91
121
111
75
89
191
110
121
93
122
99
158
112
115
114
73
130
120
145
130
101
122
115
106
105
140
92
104
88
86
96
72
124
223
74
143
112
103
73
123
90
126
81
168
210
135
120
139
122
96
123
170
86
96
78
82
98
127
86
99
123
84
111
130
105
109
76
117
126
101
101
121
90
90
131
130
105
83
95
94
141
82
91
95
124
138
145
125
113
98
134
128
190
169
150
73
114
119
131
83
85
180
77
112
126
100
118
101
95
91
85
125
124
70
129
144
102
98
92
111
91
131
100
92
71
70
149
178
193
126
94
84
100
124
110
108
132
143
89
142
108
94
108
200
87
84
222
106
95
157
122
99
89
74
81
89
131
96
76
124
158
112
123
97
136
169
115
129
110
124
148
111
121
88
83
152
131
113
123
124
93
79
111
69
113
94
111
111
82
96
81
79
137
96
92
109
118
98
125
98
102
107
106
97
155
89
88
138
85
115
225
98
108
106
92
154
203
87
149
103
131
85
83
159
85
114
84
125
119
81
114
91
96
107
110
172
136
140
150
88
83
94
117
136
168
82
114
110
101
126
88
105
110
93
176
85
140
100
100
223
104
112
162
96
79
101
103
97
235
80
103
98
120
117
155
119
106
116
78
82
108
108
94
126
139
73
70
99
157
260
87
79
88
80
106
111
133
75
187
77
118
162
80
139
107
63
102
79
108
129
125
89
131
131
147
116
83
89
126
87
104
98
186
202
106
141
94
89
138
130
126
122
115
111
100
66
107
97
86
122
109
100
75
132
162
155
105
105
72
132
130
113
122
91
110
137
173
113
103
91
100
92
121
86
205
81
112
142
135
131
131
110
107
96
171
182
127
82
126
86
86
73
92
99
158
107
79
144
69
198
89
209
103
108
86
135
112
124
132
131
99
169
74
77
157
120
177
118
111
89
79
126
142
110
99
123
154
88
97
75
128
186
101
84
90
129
197
125
150
131
79
90
121
84
102
214
112
103
103
134
86
139
65
119
89
91
139
101
116
147
94
98
80
75
74
84
81
87
98
132
77
104
76
249
146
146
109
167
124
81
100
144
118
104
92
123
80
99
154
125
80
117
92
118
105
124
77
119
169
160
96
127
112
141
108
101
101
255
78
122
118
98
118
101
143
107
159
85
101
125
150
86
80
152
84
133
106
94
129
160
105
71
173
101
77
97
159
94
85
95
160
136
129
99
85
69
114
89
115
147
106
160
134
88
92
116
111
83
104
111
93
100
