65
78
87
102
96
89
100
85
87
89
77
78
81
99
76
105
104
91
78
72
98
82
85
146
79
69
89
88
82
84
135
92
72
76
72
82
92
65
73
76
129
117
71
76
102
72
87
78
70
73
78
130
99
74
80
69
99
82
62
93
144
85
78
93
61
86
98
70
74
89
73
122
101
59
78
83
81
120
59
65
73
75
101
86
69
97
69
75
77
59
74
82
136
75
118
96
80
85
97
67
78
75
95
81
86
86
85
79
70
85
114
76
77
71
65
105
67
102
95
120
98
79
71
64
105
77
63
89
92
74
78
93
78
66
74
91
96
94
153
82
107
88
106
88
166
73
100
83
101
109
69
76
76
82
78
91
102
94
71
90
77
76
166
114
107
72
65
88
84
88
79
72
98
88
74
137
60
70
64
75
113
76
81
105
131
119
102
80
72
126
82
84
184
110
106
84
71
92
119
79
175
81
71
77
117
92
104
103
101
119
91
62
79
113
68
74
76
65
113
86
65
97
88
112
86
87
74
70
81
69
87
134
72
115
65
131
72
76
72
109
87
92
75
73
106
63
163
109
83
88
67
123
70
73
61
64
71
68
110
74
77
71
102
58
104
112
59
88
62
69
129
78
98
60
81
94
74
83
85
86
82
73
84
79
88
74
96
67
94
75
88
74
57
125
149
112
67
94
58
64
75
60
102
82
88
74
70
96
125
100
60
75
91
68
60
69
102
70
72
105
94
78
85
111
116
87
74
102
81
95
85
92
78
102
139
172
66
96
81
77
82
126
67
88
63
72
109
80
84
65
72
80
99
68
90
84
106
75
69
71
76
108
72
120
78
68
76
71
77
104
67
61
81
58
76
112
69
77
82
67
65
105
81
67
64
70
62
127
74
85
107
82
74
93
70
81
95
83
119
92
70
72
79
85
83
65
80
69
103
66
98
74
97
124
78
74
114
80
73
69
102
75
77
72
67
95
71
98
72
96
97
98
89
88
71
105
89
121
71
95
94
70
90
80
74
66
85
84
75
76
99
82
67
77
71
65
104
124
82
125
80
71
69
105
63
65
99
64
72
90
94
86
114
119
86
100
106
81
66
64
78
89
63
64
65
88
70
143
126
84
63
88
136
105
80
88
67
115
74
101
78
90
113
67
136
85
73
93
78
88
70
99
81
72
83
154
81
69
92
126
88
106
69
69
79
69
133
74
87
170
129
82
91
87
69
73
84
70
106
86
83
82
71
70
94
82
80
84
66
99
86
75
80
129
72
131
74
161
90
101
79
124
99
73
107
68
99
64
79
86
134
100
87
133
72
115
79
92
86
73
128
72
91
89
72
78
119
62
71
182
70
71
80
64
80
115
91
84
87
69
80
108
79
126
96
79
77
75
140
101
97
93
88
80
96
67
115
101
65
74
92
139
60
86
85
77
76
65
91
169
72
69
124
100
119
82
105
66
76
77
103
83
90
86
98
153
101
82
69
72
77
78
78
86
88
85
69
78
68
84
74
72
70
85
93
101
73
89
183
86
100
79
91
73
64
104
83
74
72
89
89
106
124
66
84
84
111
88
85
87
147
91
72
78
101
102
105
86
105
92
74
73
70
97
82
79
69
77
62
101
98
81
72
87
68
79
119
75
85
90
88
104
78
131
63
88
77
82
94
74
75
211
71
75
64
82
110
150
92
75
180
108
87
89
73
95
76
100
112
90
72
63
76
84
72
61
97
83
87
73
65
80
62
97
85
103
129
186
68
78
59
79
59
96
127
88
80
68
127
67
80
72
68
101
78
96
114
99
101
59
84
62
82
90
92
104
105
83
78
87
103
89
79
83
74
93
102
84
87
79
79
64
106
105
63
89
86
150
84
79
67
105
111
73
87
77
95
76
110
139
82
99
63
107
65
90
83
74
71
81
79
73
63
92
143
76
104
114
87
63
77
79
98
65
76
63
97
95
88
101
78
118
60
66
109
99
76
77
76
68
83
78
105
57
74
90
54
82
139
105
81
85
94
68
139
81
108
83
90
101
86
58
86
69
79
58
101
100
92
98
88
90
113
86
99
67
75
80
77
104
95
84
86
74
90
75
138
67
126
95
73
75
70
101
71
94
67
60
130
86
87
77
71
89
77
102
99
95
89
72
90
123
97
102
85
77
111
92
97
77
106
71
72
104
77
76
68
70
73
98
67
84
68
54
70
91
84
87
89
65
73
67
77
79
76
86
162
79
77
97
63
93
65
83
94
55
96
120
79
70
74
88
82
96
65
71
141
85
111
74
66
87
97
83
69
88
77
77
73
81
105
93
86
76
73
98
80
79
71
72
137
91
92
88
72
76
67
103
67
71
60
83
84
151
109
92
87
153
65
79
67
60
79
89
113
64
97
66
97
75
79
55
77
69
85
113
80
99
143
108
86
73
83
106
81
64
81
71
74
104
131
116
96
91
84
61
87
88
76
97
106
96
81
77
66
70
86
72
84
82
79
127
110
146
116
122
83
70
80
83
85
99
84
70
90
154
79
76
78
102
74
99
86
82
113
90
79
98
85
60
74
74
83
73
72
69
145
113
71
90
92
64
73
116
125
77
95
103
89
94
104
117
69
73
82
73
91
89
80
73
99
99
81
73
91
63
71
102
129
85
86
73
141
75
84
78
79
110
79
107
87
88
119
94
176
63
112
82
98
143
76
84
73
66
67
70
75
63
106
107
73
98
107
67
94
78
149
74
99
92
72
69
82
78
68
122
62
79
73
148
71
82
128
79
73
111
98
86
64
97
78
74
86
67
69
76
84
84
136
70
72
88
109
74
81
108
96
64
95
99
111
87
85
71
88
91
105
74
95
102
81
57
114
65
121
96
141
78
63
92
85
123
85
70
60
79
116
63
95
82
143
98
72
81
78
73
72
102
109
65
97
78
68
60
80
87
78
82
124
70
85
75
74
77
75
102
133
86
86
86
168
108
76
107
92
71
71
84
86
62
119
70
111
70
66
161
92
69
82
148
102
78
91
111
82
73
79
118
79
81
69
62
106
73
84
69
70
68
75
93
94
66
90
68
62
68
122
88
69
74
68
97
100
80
61
114
89
82
122
66
84
78
79
79
99
78
77
88
74
85
78
71
101
144
95
76
76
102
122
85
77
151
96
89
83
59
96
122
64
72
87
60
79
93
102
76
113
102
82
72
82
160
88
54
93
84
81
88
78
96
121
111
90
82
116
96
65
72
80
90
66
87
84
81
55
74
95
84
109
123
78
67
78
68
81
107
88
64
98
139
96
120
81
77
83
98
80
79
98
100
86
67
91
107
97
67
66
156
78
67
78
101
109
109
132
111
77
87
74
74
89
83
71
98
72
132
109
57
74
90
66
92
194
72
94
91
129
64
115
103
68
76
78
89
85
80
96
72
80
86
94
81
72
80
76
82
107
76
70
64
89
96
87
69
95
99
73
67
73
134
87
75
82
69
137
82
92
84
61
91
94
81
70
173
78
74
80
96
93
74
77
62
129
85
66
63
76
68
77
71
63
85
84
111
77
70
62
76
172
79
70
90
90
70
89
83
96
69
112
93
66
80
66
81
108
84
92
72
98
82
91
