262
664
233
331
241
283
234
312
304
305
298
794
232
319
348
408
439
273
278
671
267
301
327
311
348
243
347
173
237
204
325
281
262
379
259
245
238
383
347
344
298
204
240
425
411
293
201
275
254
263
229
211
419
328
258
218
208
308
254
218
293
188
303
338
305
469
266
502
318
264
283
242
272
263
272
226
297
282
257
339
272
284
340
215
312
198
314
206
184
239
325
328
321
258
277
425
203
259
405
560
281
206
460
247
231
193
296
265
229
267
423
197
327
222
306
237
315
411
315
194
323
408
212
214
238
252
224
331
234
321
374
292
273
251
389
408
270
189
315
269
503
244
352
261
385
225
197
230
267
339
296
328
255
449
212
284
261
248
274
192
312
218
237
317
206
217
322
208
271
281
206
301
348
256
354
285
227
276
369
414
249
322
398
185
277
286
191
419
265
432
291
244
553
281
205
478
175
363
281
289
214
568
213
220
434
305
229
230
256
196
263
207
288
287
229
247
539
235
378
312
255
253
243
339
189
189
318
358
303
297
347
316
216
235
434
222
202
222
320
389
627
226
393
251
449
242
252
294
275
306
240
225
190
212
238
219
347
307
213
187
343
288
277
309
287
317
283
228
261
216
228
230
305
283
323
187
302
438
281
298
355
475
181
248
227
196
288
391
318
307
268
205
282
341
258
259
442
413
221
223
265
444
285
246
295
443
227
436
355
246
267
260
193
306
288
256
332
334
463
277
231
247
219
209
335
253
304
291
243
199
395
197
377
260
327
550
176
388
281
343
219
223
236
251
230
291
215
198
312
252
387
221
321
244
216
263
267
432
307
280
341
261
595
351
275
323
324
410
325
349
304
470
258
364
295
250
216
217
363
217
319
243
252
453
286
247
389
219
217
300
424
315
345
228
615
438
213
396
220
346
340
298
408
366
332
253
557
214
304
210
284
320
352
279
258
177
281
350
217
369
351
246
338
375
261
288
296
189
376
216
561
538
338
276
228
231
626
356
212
190
261
367
336
317
323
310
242
364
268
278
236
251
205
348
245
209
286
186
380
212
278
234
233
395
267
504
264
302
299
489
278
245
276
301
226
310
651
269
472
188
262
293
235
415
512
271
444
277
321
278
305
542
267
277
419
241
328
308
334
358
203
264
296
413
265
441
407
384
202
357
317
212
214
304
281
257
530
603
528
165
375
479
299
413
234
221
189
215
296
351
196
426
260
397
243
188
457
303
480
322
488
442
403
290
308
222
341
228
512
182
254
203
269
209
255
275
288
478
435
309
260
293
311
411
282
201
340
321
204
210
245
170
206
296
335
231
162
263
234
367
437
196
382
253
386
240
587
230
193
370
239
280
246
313
296
240
377
409
271
336
272
257
233
428
395
384
361
202
451
284
369
466
172
320
269
309
314
264
225
468
290
400
362
295
374
243
265
319
297
268
250
293
291
253
298
466
372
299
296
276
358
390
258
210
264
248
301
291
249
295
352
257
179
312
197
237
234
265
385
308
295
318
329
280
239
190
298
311
249
434
278
251
323
208
287
348
287
237
257
227
365
241
191
254
377
230
492
177
216
241
303
275
242
353
248
234
322
305
223
459
467
376
423
205
332
314
252
276
608
263
263
316
306
218
292
288
250
234
330
279
271
252
386
321
218
250
203
286
223
329
296
314
232
359
231
337
247
287
319
228
403
299
259
271
483
308
653
255
253
218
296
366
261
1037
169
306
186
499
394
306
218
312
317
390
290
219
286
282
210
251
469
408
234
239
361
330
270
320
219
229
222
303
238
290
474
268
258
305
452
311
239
191
379
352
318
393
249
210
280
211
207
215
160
212
330
494
242
251
222
363
272
283
357
282
217
195
285
392
353
400
293
235
322
234
354
241
235
293
397
200
261
396
220
536
372
299
389
344
401
255
296
252
446
345
205
229
381
238
210
302
216
247
314
209
303
417
211
256
386
209
240
280
258
294
234
361
556
341
403
649
294
329
377
290
299
230
362
335
189
272
536
358
199
267
308
201
314
260
348
293
241
252
243
316
249
239
278
376
283
446
289
241
282
274
466
275
308
521
298
262
216
210
290
206
380
229
281
418
232
287
189
381
392
358
233
301
260
268
274
289
258
494
359
192
288
242
312
237
555
304
195
275
259
255
278
290
289
237
223
274
266
220
241
262
218
749
225
158
304
326
233
241
453
471
204
215
257
271
257
322
299
251
234
423
237
275
269
245
214
266
197
321
263
424
283
