121
77
70
88
80
104
65
113
103
92
58
86
103
57
91
87
89
95
69
65
64
82
99
112
79
74
103
114
123
73
135
83
75
77
73
72
68
87
77
68
85
100
91
73
198
65
68
171
88
84
76
80
80
96
98
83
64
74
79
159
88
109
82
104
98
91
71
104
80
80
62
73
88
64
86
63
63
85
70
128
74
99
97
71
136
177
95
110
124
96
87
67
90
98
91
106
72
91
108
95
83
112
87
94
80
70
68
84
64
119
78
98
75
83
75
105
99
75
60
101
81
69
100
70
66
95
67
83
83
89
79
70
78
67
87
89
77
83
71
99
149
114
61
116
77
80
89
116
78
80
116
88
114
127
57
71
93
98
79
67
71
88
117
62
75
88
73
90
79
70
61
88
66
86
83
144
80
66
83
117
118
62
81
62
73
75
106
96
67
67
90
88
96
112
110
70
114
80
71
111
86
114
79
86
101
99
142
104
79
81
62
72
56
135
78
68
69
165
78
96
76
82
96
84
87
80
65
99
77
68
116
88
87
92
82
79
129
95
92
108
86
69
64
88
188
86
73
83
182
78
84
120
80
80
122
93
142
84
103
81
62
87
114
98
60
71
82
85
121
75
74
74
154
149
78
102
63
104
138
67
66
119
117
88
166
107
67
98
117
78
133
68
119
67
90
136
82
95
68
76
75
72
77
93
83
78
84
89
106
94
113
90
81
72
97
99
72
74
149
82
83
102
69
122
124
88
87
92
70
80
91
149
141
113
106
81
96
107
93
83
58
69
74
94
76
80
83
67
117
79
84
69
82
77
77
69
78
91
71
84
83
70
90
106
62
92
67
105
81
81
76
109
77
75
64
69
122
107
96
84
66
132
116
69
57
87
88
126
131
89
75
95
75
69
162
69
76
78
111
98
69
96
89
89
80
116
106
68
67
79
80
93
101
157
71
107
73
110
69
96
73
82
59
112
65
90
104
94
132
71
85
122
87
101
106
79
74
165
99
80
89
98
87
64
101
92
71
122
83
135
75
72
80
93
71
97
73
78
129
72
86
78
154
91
57
86
84
118
91
97
101
87
61
104
97
67
100
79
72
153
127
81
69
107
62
84
92
102
79
101
82
81
112
83
65
60
163
68
62
64
99
84
104
66
84
84
122
88
89
81
67
77
94
68
93
74
106
68
75
94
73
71
78
76
88
84
73
144
60
79
89
88
82
122
96
84
95
100
72
85
91
94
86
97
78
66
115
88
96
83
92
73
66
86
105
70
97
127
108
73
103
68
82
70
111
71
161
69
107
87
81
126
81
72
60
124
111
67
70
77
129
83
82
95
77
110
68
161
82
106
99
81
80
79
103
84
80
77
82
108
81
99
72
109
120
101
110
92
63
112
87
77
68
91
132
82
79
75
79
89
89
122
91
91
64
77
65
97
69
90
64
80
78
70
99
59
83
75
72
126
98
66
79
123
74
75
71
90
173
77
110
87
94
82
97
120
93
74
79
72
67
99
76
70
96
106
109
111
64
80
106
96
118
66
92
125
96
83
69
57
75
139
63
74
81
99
135
85
84
101
95
82
88
91
131
114
79
115
70
79
112
105
105
93
86
74
88
66
93
75
83
75
94
65
126
72
74
82
82
94
70
76
93
115
83
77
67
81
80
98
61
94
85
99
101
56
89
77
91
74
97
80
86
81
103
186
84
89
91
111
63
85
75
75
75
120
73
67
105
77
103
219
92
68
63
89
68
100
67
83
77
102
120
93
77
89
105
110
92
58
79
74
116
68
95
76
82
82
70
69
69
91
99
107
105
83
72
68
93
107
70
73
99
65
78
100
80
103
68
55
92
116
133
88
192
107
83
98
63
79
88
92
67
126
97
96
183
74
83
81
143
102
131
72
139
107
65
85
80
103
145
122
83
95
119
98
107
67
100
82
74
78
82
74
64
82
77
102
92
90
81
94
92
82
80
82
69
83
81
78
78
74
103
83
80
73
217
89
69
98
100
65
74
76
84
68
103
95
83
75
103
157
68
96
81
86
70
85
98
288
81
85
102
78
98
74
96
90
108
150
73
77
93
61
76
97
123
104
111
105
77
85
59
79
97
65
97
100
60
85
60
80
84
89
93
103
126
83
87
67
92
62
68
127
92
89
67
87
79
134
88
67
92
104
66
79
93
102
71
98
91
142
88
179
88
88
76
63
70
76
68
106
70
90
66
83
79
86
85
74
232
83
124
62
88
74
93
185
83
99
63
75
64
63
74
96
99
87
68
97
100
91
78
85
70
82
76
92
89
62
95
90
84
82
142
95
129
102
157
84
87
160
75
