117
76
89
69
80
116
119
70
101
75
100
84
106
128
79
115
98
132
87
164
143
84
93
113
86
124
77
113
97
103
136
127
75
68
86
101
82
83
94
81
96
115
75
78
66
85
129
108
84
87
111
144
85
159
163
128
88
82
71
68
80
82
80
94
130
97
120
84
141
67
77
107
136
123
81
68
91
80
78
115
81
108
81
93
86
85
70
92
79
96
116
98
103
115
183
125
153
82
60
154
90
65
110
66
80
142
75
89
104
159
71
66
68
89
81
85
67
153
62
229
79
74
62
113
79
96
131
73
61
154
155
102
162
144
96
138
81
92
116
101
80
67
103
276
90
86
89
103
82
63
62
111
85
81
77
94
82
106
82
83
125
114
66
124
66
86
65
100
80
109
79
234
90
113
77
112
79
82
101
99
113
106
88
86
93
157
79
76
76
87
76
75
77
105
96
115
89
130
81
74
87
120
115
142
61
127
125
82
83
74
85
95
87
76
103
88
75
79
95
93
84
75
80
87
85
93
88
97
110
115
83
92
115
61
105
159
93
89
144
64
105
78
89
137
78
63
68
80
62
151
92
89
75
181
69
74
111
94
113
121
105
222
84
98
68
75
131
98
74
77
86
71
76
70
72
120
86
108
107
130
74
155
132
112
88
65
95
73
87
81
220
103
66
92
149
107
70
102
80
89
79
90
122
222
90
143
122
104
81
84
86
75
95
118
133
75
114
219
83
145
129
88
120
77
70
71
140
79
74
149
72
84
77
131
114
84
92
87
95
113
68
79
68
83
65
60
72
86
125
119
168
71
89
64
94
83
76
162
107
88
74
68
104
110
92
83
93
100
109
162
76
111
114
56
99
78
119
118
115
76
93
92
103
138
61
77
82
85
64
99
64
89
95
121
163
95
88
64
56
94
108
150
101
85
74
65
110
104
100
115
89
86
115
85
62
78
91
112
139
83
84
99
81
107
77
78
92
91
65
227
86
100
95
89
145
102
98
80
133
92
131
87
88
98
110
75
73
133
68
99
77
83
77
70
122
61
73
63
103
111
124
166
82
96
99
88
86
99
70
70
102
75
127
65
90
81
102
92
94
122
80
72
61
155
106
79
75
168
111
67
150
79
75
96
73
101
98
91
88
64
106
166
85
79
86
120
74
84
70
111
79
130
93
74
88
89
79
68
138
70
67
66
82
86
117
75
95
100
148
70
78
78
82
72
66
97
108
71
155
141
138
81
107
73
73
102
90
178
153
87
65
71
90
114
127
130
251
87
109
74
99
85
89
136
155
81
122
69
99
123
116
115
104
70
96
101
111
82
68
83
167
153
79
77
67
66
107
102
72
133
103
68
69
87
122
64
85
133
90
131
81
72
112
84
128
119
72
74
81
88
82
103
127
82
238
100
143
82
74
120
175
61
73
74
83
78
135
97
84
82
91
89
77
72
114
107
80
99
77
94
128
114
72
96
121
86
92
124
112
141
73
79
150
95
67
71
75
88
124
98
82
73
88
151
123
77
93
59
92
103
97
104
192
103
104
95
114
85
120
113
84
93
81
95
85
115
86
92
109
133
76
98
170
74
85
80
90
56
67
136
96
90
91
84
87
86
110
101
214
76
142
120
90
119
94
64
145
81
115
130
123
118
82
115
90
74
103
101
88
111
89
63
128
102
63
61
84
72
99
158
84
69
88
98
108
147
123
82
74
71
162
86
90
69
101
91
70
80
111
87
146
149
84
108
58
105
153
112
213
98
92
135
111
110
81
69
84
99
115
78
139
96
79
78
64
109
78
159
97
86
95
80
70
155
141
139
136
109
75
72
69
77
60
118
78
101
94
111
67
75
94
77
92
65
87
72
156
90
118
119
67
112
130
75
64
94
109
93
87
146
102
78
95
67
87
91
69
77
98
175
84
98
129
120
143
145
81
67
66
161
88
59
74
139
78
128
57
76
100
83
80
77
82
146
125
134
106
74
109
115
117
79
112
102
76
85
106
90
107
113
96
64
90
104
56
123
73
92
104
141
85
184
81
122
94
81
63
95
104
79
82
70
75
104
117
138
73
148
103
92
81
62
88
61
113
155
100
94
89
89
74
85
104
75
102
131
117
135
127
125
86
91
230
118
71
91
89
136
72
96
94
91
98
71
113
78
62
98
107
72
107
75
120
78
81
137
80
102
87
94
102
99
80
138
76
72
74
68
131
69
85
80
99
84
64
94
80
76
79
88
76
108
87
85
75
80
86
104
71
83
92
125
86
105
169
61
79
131
131
155
154
79
63
130
76
68
78
69
67
88
116
120
85
102
79
74
70
116
139
106
91
96
90
68
81
92
80
119
104
84
86
102
156
85
72
81
72
80
65
76
142
84
107
77
115
102
113
147
86
206
102
112
96
106
63
96
97
85
120
176
80
77
85
102
83
158
85
128
74
99
103
93
102
70
85
110
105
94
189
155
83
80
119
87
68
148
109
73
70
102
87
111
80
77
96
90
155
72
90
68
133
67
73
138
213
105
61
82
99
115
118
96
94
87
88
109
112
74
102
81
69
108
82
83
113
108
128
66
97
82
143
103
88
100
77
109
78
82
127
138
222
84
126
59
80
132
133
98
74
83
71
71
73
88
72
110
95
156
100
77
103
74
96
92
91
83
78
84
74
87
111
127
80
76
123
95
144
117
141
111
89
150
88
88
73
87
125
90
156
70
113
63
79
70
80
63
78
83
95
128
91
80
116
90
84
86
142
164
158
83
140
113
136
101
90
86
75
73
108
82
68
117
117
67
76
133
205
83
82
110
91
109
74
80
100
117
141
68
88
86
101
80
78
119
72
90
62
99
73
101
136
99
81
72
83
144
76
88
76
59
117
90
62
95
61
150
96
148
72
110
104
78
81
69
83
90
133
72
62
65
110
71
93
124
69
66
115
81
82
136
72
92
89
204
163
59
77
134
74
69
105
77
130
73
59
80
106
159
97
125
76
100
91
75
100
92
85
147
108
90
83
145
89
76
113
187
85
114
81
68
109
83
87
87
78
229
132
62
92
163
101
63
107
140
104
103
101
81
89
149
95
102
91
121
78
132
89
138
80
92
79
102
123
88
139
72
84
123
97
177
128
107
163
123
83
75
85
99
105
93
100
156
82
126
80
96
126
115
90
95
95
185
76
64
69
70
108
130
139
129
157
108
81
79
139
86
129
73
101
99
79
82
73
113
98
74
73
101
89
90
90
82
116
82
93
87
116
99
98
90
76
81
64
120
102
113
153
87
75
70
88
117
73
123
97
99
70
129
83
121
85
91
121
74
96
125
75
121
151
70
77
87
87
87
56
104
104
93
141
156
105
107
104
111
89
93
79
108
113
67
81
105
94
89
73
73
101
67
68
95
85
80
95
79
65
98
84
76
94
70
