210
206
346
266
353
336
396
251
300
603
342
270
327
255
245
352
284
353
336
239
179
293
297
315
422
196
264
272
205
294
239
293
387
200
238
176
364
262
226
379
321
224
283
295
214
322
228
218
288
321
234
262
174
604
754
366
208
265
269
218
243
309
437
235
307
244
343
232
306
325
277
260
179
225
350
211
262
508
257
249
336
251
379
335
267
312
239
374
380
228
421
344
206
233
248
205
271
212
227
314
213
266
181
332
315
279
232
260
186
246
245
474
281
338
217
289
306
269
305
195
203
285
694
265
676
206
349
418
246
456
278
427
380
271
343
262
334
426
243
315
311
180
276
414
226
248
219
204
258
219
276
368
284
369
209
549
260
338
324
563
247
297
273
209
332
285
241
454
243
370
228
288
268
424
289
274
310
233
291
269
355
248
200
234
290
329
250
349
268
324
329
304
343
275
277
327
274
384
372
349
323
480
189
264
431
195
408
354
327
342
211
424
290
158
228
326
298
272
232
225
370
333
288
318
223
323
504
195
246
243
253
250
323
221
288
529
378
346
682
284
425
173
241
265
347
255
178
285
427
202
336
282
347
280
253
252
233
336
318
313
223
253
444
181
271
246
438
232
609
403
328
504
237
513
453
203
282
467
192
227
362
407
358
321
291
294
340
265
349
204
290
226
245
274
382
299
271
284
279
441
411
224
330
251
568
303
496
237
367
415
320
216
346
442
296
233
468
249
300
321
331
414
274
391
258
251
325
250
240
258
253
344
291
259
283
263
246
342
230
283
255
551
300
183
342
276
319
264
211
247
251
283
278
290
325
269
218
271
274
264
399
308
299
214
280
381
278
212
320
231
272
264
325
300
227
332
340
277
488
219
319
286
274
202
306
363
217
314
275
240
542
222
278
250
223
433
407
393
755
300
333
202
268
438
331
295
483
344
529
302
222
364
497
220
230
261
302
313
291
287
380
206
234
443
577
395
242
306
336
200
560
263
283
312
396
203
353
486
370
185
356
290
246
705
345
239
245
199
498
254
273
315
335
212
264
303
372
266
301
330
270
284
231
253
258
230
235
232
294
408
230
357
311
419
303
258
228
284
367
354
279
346
223
315
295
301
332
212
305
251
339
196
323
506
251
518
248
291
220
308
285
263
366
266
261
390
282
271
529
649
398
261
342
347
224
683
214
210
234
281
382
193
244
363
267
275
297
251
202
310
233
341
312
239
248
564
293
278
262
240
402
350
345
327
525
796
328
374
290
425
357
236
263
321
302
294
312
251
228
548
380
396
225
333
543
207
320
234
377
662
298
262
393
459
278
276
277
335
279
347
443
487
285
277
307
268
398
753
480
576
179
356
379
376
243
252
191
305
214
242
349
319
216
224
243
212
409
544
299
327
671
289
249
564
232
266
366
210
278
304
250
253
350
379
569
531
403
390
403
245
334
501
257
346
243
339
442
283
381
235
229
361
283
308
229
292
234
207
293
258
264
288
380
436
222
264
450
363
330
291
254
272
264
235
307
233
331
270
239
233
322
185
218
287
335
237
300
314
347
244
301
263
354
332
312
308
211
384
418
224
562
242
220
445
314
370
256
258
252
226
282
284
178
259
279
647
181
262
231
302
279
353
336
264
208
452
232
304
237
749
196
384
404
291
248
257
297
591
299
293
287
227
231
369
301
422
367
228
333
300
382
340
205
273
244
348
463
301
246
254
355
251
261
423
268
212
269
281
376
255
293
240
205
313
443
261
317
279
280
353
255
227
208
244
226
232
323
300
490
228
221
215
222
246
373
303
248
273
560
193
294
475
335
226
445
302
315
286
373
296
381
633
347
387
249
260
320
284
328
217
374
326
260
340
273
206
205
280
274
470
195
304
249
337
288
279
246
242
432
438
315
365
321
190
335
236
551
468
320
252
257
285
267
290
319
225
219
418
338
413
280
248
229
213
305
325
258
248
260
505
250
259
309
336
315
352
246
280
318
446
318
498
488
217
348
433
462
270
504
284
324
309
247
332
268
224
258
316
251
211
406
227
277
223
291
304
248
587
364
179
256
269
302
286
280
204
242
208
236
294
537
340
320
241
395
347
261
380
324
321
224
281
344
243
224
501
292
444
406
659
278
336
222
322
571
271
206
290
244
297
294
242
275
332
275
234
282
336
275
178
215
278
307
311
295
309
345
298
313
362
372
233
279
320
281
657
191
322
203
235
302
315
249
326
230
311
209
264
317
294
280
421
285
247
307
230
247
457
665
379
254
236
260
223
289
367
248
365
244
249
310
254
205
405
271
279
327
338
314
245
287
252
255
397
515
389
301
233
360
321
300
398
354
421
305
404
341
325
241
728
255
394
234
558
343
264
638
237
266
446
419
390
236
341
269
374
344
373
181
482
404
286
272
303
251
233
310
285
426
669
399
493
286
299
321
221
273
202
311
481
248
365
749
544
215
248
246
281
351
301
389
229
298
259
314
380
239
238
329
232
263
405
290
297
352
276
393
257
230
330
270
314
272
302
475
418
277
250
487
324
414
550
276
316
389
289
339
472
260
325
204
261
200
423
260
263
330
354
305
288
271
382
236
324
288
320
308
352
261
284
322
214
327
545
393
312
568
334
289
282
364
252
275
256
225
404
382
387
444
538
361
297
226
298
188
207
347
276
316
355
258
400
639
224
380
175
482
289
254
396
241
267
224
326
323
268
476
297
201
344
237
357
361
408
579
394
302
258
317
178
224
253
216
258
269
263
344
240
281
247
271
225
227
435
281
318
309
331
325
203
294
228
458
216
236
367
318
432
279
201
298
268
378
1034
383
279
324
290
338
482
319
646
410
753
225
383
464
382
216
258
227
224
563
191
279
290
273
280
486
223
375
364
509
276
346
222
177
314
218
194
286
295
186
289
265
386
194
324
243
349
196
309
249
276
381
283
363
548
565
289
278
337
347
335
258
232
232
267
342
267
408
515
309
261
516
355
307
236
237
226
260
483
218
311
264
256
297
656
249
290
387
224
385
250
375
282
280
295
268
282
448
231
423
218
460
908
258
433
396
422
222
225
254
261
274
234
280
324
258
272
318
264
377
655
255
338
186
254
670
233
277
282
338
228
638
271
311
250
230
246
189
331
381
363
340
308
282
285
307
222
209
238
509
504
302
527
232
338
262
351
295
306
236
248
465
402
523
687
270
343
319
328
570
271
217
256
301
246
255
331
297
328
323
333
268
278
343
265
353
449
195
208
274
252
311
248
258
372
258
239
341
268
334
478
219
336
327
407
249
226
228
305
221
316
343
248
207
225
322
388
344
215
361
221
405
282
249
179
327
445
220
224
345
226
279
274
349
262
270
254
305
359
308
421
277
500
231
330
375
246
215
303
481
232
253
403
271
327
215
272
308
291
246
218
322
242
323
222
281
248
891
227
516
503
240
284
300
187
179
264
196
317
252
823
275
294
337
261
263
305
261
283
197
244
309
637
271
332
304
300
296
303
299
334
300
301
275
358
274
285
356
289
193
254
335
192
246
303
635
320
320
218
245
272
284
326
271
291
319
348
265
289
308
237
343
510
272
250
234
382
397
465
289
239
384
282
475
219
293
243
286
247
326
428
234
312
405
318
265
280
285
310
303
328
377
263
304
254
229
312
374
281
336
228
346
268
253
232
225
220
214
410
269
235
389
297
612
421
424
416
288
311
195
398
200
216
273
298
307
249
578
223
555
265
188
210
324
278
293
224
263
266
320
259
380
243
246
311
397
412
362
277
441
334
325
334
399
361
354
579
323
359
249
438
351
291
313
284
250
248
359
366
256
294
220
312
259
386
194
324
287
388
195
453
281
367
304
356
218
232
315
250
232
279
264
216
325
262
259
400
202
220
326
294
191
314
289
221
227
270
275
265
382
276
218
230
244
236
408
219
346
267
363
412
545
322
249
259
264
213
412
223
800
340
310
322
318
318
279
190
299
270
402
567
310
250
236
361
250
213
271
203
181
358
319
258
480
373
261
230
279
235
703
340
252
204
204
257
353
358
212
383
238
317
278
342
265
352
883
263
265
278
259
242
419
268
223
292
305
259
327
232
304
236
202
358
298
344
256
362
407
472
275
522
533
416
299
204
311
285
315
329
253
523
194
361
250
349
434
257
331
277
263
183
295
213
418
384
247
320
200
226
441
271
233
297
263
293
228
351
348
189
307
252
298
304
214
517
222
366
308
267
372
356
533
291
249
497
279
243
370
296
400
356
301
186
249
268
249
305
522
434
426
260
381
228
248
307
255
203
443
318
411
229
278
231
274
282
237
443
540
284
234
230
356
270
296
490
284
339
386
191
364
310
361
280
238
282
286
287
372
354
553
211
248
358
265
245
297
329
364
343
188
236
350
287
218
