82
63
67
66
166
73
97
89
161
70
74
78
85
82
88
72
71
73
117
75
79
65
148
111
101
109
78
71
91
96
112
85
79
105
96
119
72
80
113
122
150
68
100
91
102
111
76
79
70
79
72
64
155
81
130
69
96
101
87
67
71
76
115
131
85
66
145
97
86
87
98
90
98
109
79
75
97
90
76
120
98
71
68
81
85
71
131
72
71
90
52
87
96
73
97
75
87
151
93
100
98
141
99
95
127
72
94
96
110
92
83
95
76
77
67
73
88
87
96
86
72
77
92
77
164
91
88
82
169
77
70
81
84
91
116
84
119
73
74
66
86
66
65
75
75
78
77
81
99
61
74
102
74
75
82
70
77
89
116
71
75
76
79
94
115
67
73
114
118
82
76
98
76
110
84
69
73
81
85
87
74
133
118
65
84
72
71
75
117
79
99
209
72
84
110
80
71
172
150
88
65
70
104
105
124
111
122
86
102
86
125
76
119
84
72
78
101
70
65
94
90
72
99
82
76
72
92
126
73
82
178
102
110
77
147
99
91
78
73
110
58
165
137
84
93
85
96
109
78
150
103
78
77
86
74
78
91
73
105
73
70
90
88
63
94
82
133
92
103
60
65
72
99
93
78
121
84
134
93
72
90
102
78
102
94
117
208
111
71
124
102
91
76
155
87
63
87
66
84
68
65
58
147
83
85
67
96
105
104
127
118
81
79
91
80
75
67
72
92
86
92
92
82
69
102
73
225
92
108
72
58
109
71
135
86
85
127
84
72
71
63
109
89
131
57
66
88
61
90
112
70
68
90
98
79
110
65
76
90
121
71
60
102
70
77
77
112
77
65
95
101
91
114
69
170
61
75
75
80
95
128
90
71
105
99
87
122
69
168
66
68
94
115
62
86
92
66
104
111
98
67
99
84
69
74
70
108
92
62
68
136
63
67
77
61
65
91
86
99
113
71
83
82
97
106
169
78
71
76
96
107
82
95
125
99
82
62
87
103
62
93
104
107
118
73
78
192
115
91
107
86
142
71
88
65
78
76
66
61
84
79
85
102
92
74
108
81
87
98
67
83
132
100
89
108
70
72
84
87
77
68
115
131
93
67
113
81
96
97
71
57
82
78
73
136
160
92
77
94
82
71
98
76
72
104
84
65
134
78
62
62
106
275
117
76
71
82
72
68
139
68
74
67
71
75
61
69
92
67
69
97
160
61
102
77
110
89
77
82
86
99
88
83
129
71
60
79
82
89
57
69
83
92
68
82
75
66
79
107
97
80
97
81
82
74
77
72
91
106
88
65
90
80
88
77
102
120
68
149
88
77
107
76
71
75
91
94
91
82
101
97
67
83
58
115
105
77
102
70
79
116
75
84
69
62
70
89
82
86
93
83
93
76
72
78
75
115
67
63
105
56
97
84
97
80
101
78
90
82
65
76
120
72
87
113
73
127
73
168
63
84
103
77
91
80
110
75
62
62
104
83
73
75
93
83
83
84
79
60
79
103
90
114
97
93
80
118
85
69
92
117
99
66
99
72
80
103
93
83
86
97
95
115
108
66
103
96
78
96
69
118
69
69
72
61
101
76
109
209
68
70
106
73
102
85
89
88
104
86
87
70
80
75
84
72
98
72
73
80
69
66
74
92
135
94
71
72
144
71
88
81
74
78
91
76
71
59
66
93
74
105
80
77
93
81
80
90
109
73
104
85
81
74
90
71
91
91
72
82
73
85
127
170
118
85
81
81
87
122
73
73
95
84
85
151
124
66
73
64
69
81
75
109
67
68
73
114
84
101
98
117
69
121
83
86
76
89
83
81
108
87
90
113
80
84
60
81
102
88
85
90
116
81
75
88
122
82
80
71
76
74
77
73
113
99
68
119
133
66
109
121
104
100
92
90
85
75
67
90
66
67
133
99
71
100
134
75
85
143
154
73
129
58
75
69
91
88
78
74
65
92
121
114
80
66
62
81
114
63
70
149
87
96
111
85
80
96
85
156
119
96
68
109
90
96
102
84
73
97
130
84
75
99
78
66
87
85
58
74
127
61
75
90
88
65
65
159
78
90
67
81
114
66
68
91
85
96
71
126
74
73
82
85
73
96
67
59
70
125
80
95
55
63
90
103
82
71
79
65
172
102
89
76
89
68
89
86
77
69
88
113
84
108
201
77
61
65
70
80
100
95
96
123
80
78
85
107
71
70
145
82
100
156
94
70
111
103
103
76
137
67
106
116
87
69
121
99
90
77
94
260
94
94
88
86
75
97
84
61
132
78
87
71
64
72
80
70
105
75
90
73
70
71
76
70
111
86
84
86
80
82
78
84
126
71
83
86
73
99
160
95
87
64
86
74
108
121
130
84
115
114
62
61
80
63
98
77
93
64
81
76
82
92
140
76
99
149
106
104
74
75
118
174
91
92
166
148
99
110
71
63
70
84
70
72
128
68
86
83
77
87
80
74
78
62
90
56
92
69
84
82
74
88
88
71
78
81
74
66
90
66
99
73
82
74
67
96
75
71
155
91
62
85
115
72
97
73
69
100
59
102
65
68
68
78
79
95
82
89
126
89
65
110
83
107
78
173
75
72
66
74
76
89
139
77
105
100
79
76
69
100
103
71
82
92
82
77
61
140
179
74
75
83
93
85
78
89
76
99
59
102
76
67
91
62
70
73
89
72
107
76
70
81
83
91
122
118
78
96
80
75
81
73
83
73
101
90
59
79
92
131
82
89
136
82
75
80
71
119
89
104
88
74
135
104
105
74
71
108
76
93
103
91
66
82
71
91
107
63
70
76
78
77
88
87
80
107
107
92
80
78
83
56
89
115
86
78
67
89
82
78
155
128
74
76
99
93
77
88
70
71
95
86
97
90
99
75
100
82
84
85
92
88
159
70
82
86
75
75
80
77
89
76
93
77
70
104
74
81
114
66
81
66
78
99
110
82
66
69
88
106
64
106
77
68
141
131
70
75
100
76
70
90
102
109
83
73
69
80
68
119
105
84
117
72
75
91
77
79
79
117
71
69
68
92
115
98
100
109
90
75
62
89
106
80
96
