73
82
76
117
76
101
82
76
103
67
60
93
93
84
64
83
91
74
85
81
66
80
91
67
94
79
97
83
90
74
108
97
84
71
79
115
81
83
71
56
97
75
107
80
130
74
114
65
75
77
65
140
75
56
108
96
117
128
88
64
72
118
79
86
92
71
78
126
162
104
93
92
79
82
84
90
108
80
83
73
94
73
80
68
62
99
130
94
65
83
75
68
80
71
88
76
82
79
66
97
70
100
84
84
79
135
131
100
153
100
176
74
59
104
61
87
125
73
116
98
95
70
93
104
76
74
77
109
64
99
80
119
126
103
99
117
87
130
75
100
82
63
114
79
125
96
64
93
115
95
98
63
85
108
141
106
95
91
84
73
78
85
76
80
85
94
86
95
91
78
64
136
69
114
95
96
114
84
83
105
86
88
135
93
100
88
103
85
120
84
87
80
127
165
136
89
123
104
145
67
73
87
79
120
140
71
68
61
91
112
88
72
67
68
109
130
91
78
88
69
103
121
110
77
85
90
81
61
75
78
84
115
83
109
92
99
63
84
62
69
70
62
95
95
100
96
121
72
106
79
74
142
114
101
94
90
120
98
73
89
82
76
81
66
75
98
82
79
104
66
63
68
98
93
93
67
83
117
72
64
89
87
86
115
96
116
120
74
76
73
69
93
75
95
78
75
93
74
71
167
114
57
82
82
96
86
73
70
155
95
68
77
86
80
70
75
78
79
72
54
72
122
86
141
118
77
129
79
78
107
104
68
83
86
89
96
85
97
93
169
81
84
71
71
77
71
107
69
61
96
135
63
75
74
80
95
70
110
99
60
84
86
67
126
82
71
57
68
61
99
65
91
76
84
56
87
131
85
127
93
108
69
79
86
98
61
102
115
94
106
99
81
87
83
121
74
75
80
79
114
67
71
93
78
81
74
130
70
75
128
97
107
135
80
69
105
90
86
65
90
91
95
74
81
95
119
71
78
86
64
106
87
78
101
69
75
94
80
62
69
60
118
174
72
98
98
78
68
66
87
67
85
75
110
74
78
90
84
65
77
86
81
86
91
89
97
85
88
187
87
100
70
95
106
100
95
70
59
60
117
73
117
111
179
80
71
80
163
75
67
82
109
136
83
58
68
88
72
84
91
81
64
74
82
72
77
68
74
104
62
106
94
86
75
82
84
58
67
71
94
65
62
95
80
64
65
76
115
106
104
68
87
116
89
105
78
83
74
89
104
74
91
97
138
63
88
67
108
88
104
95
127
73
89
58
76
82
78
86
120
74
73
60
81
127
86
70
102
111
71
115
115
100
68
89
82
104
76
75
90
90
81
82
92
78
72
115
178
95
150
74
78
112
121
68
88
65
82
96
72
63
90
68
85
99
75
93
141
102
114
85
101
109
79
70
89
62
99
105
84
78
83
81
74
99
92
70
96
70
120
76
108
60
77
84
139
63
66
88
62
131
91
90
64
77
103
88
68
83
101
88
134
71
129
69
60
80
110
141
77
80
76
87
97
84
78
90
80
78
89
84
128
122
81
121
90
77
60
71
107
76
81
89
79
105
68
98
82
91
101
71
74
82
80
80
66
85
77
84
78
100
72
96
54
95
93
63
111
69
96
96
81
58
64
82
92
65
73
76
96
97
100
96
80
88
82
95
70
112
79
96
103
92
56
110
80
68
82
65
71
205
127
83
104
74
72
79
122
126
104
81
61
73
65
74
85
69
112
72
92
122
153
105
123
110
68
89
71
125
84
86
72
81
82
128
72
71
95
72
72
114
67
84
132
101
115
83
86
84
85
76
85
75
84
126
95
97
139
94
61
78
52
68
63
107
93
96
80
74
74
91
149
94
160
69
95
76
124
77
83
103
109
129
62
77
110
83
106
61
76
80
136
73
61
81
66
80
66
95
75
121
149
92
104
75
86
77
93
84
132
167
92
109
83
90
93
59
79
159
84
89
81
89
78
79
98
84
101
77
82
76
72
72
76
77
78
105
98
82
71
103
108
118
73
82
70
171
81
118
93
138
79
68
105
82
65
86
82
69
75
155
111
98
77
69
117
90
94
79
53
80
68
88
108
89
102
67
92
132
67
71
115
94
64
89
123
83
78
64
78
78
84
77
73
79
111
118
81
109
105
66
70
65
80
75
96
69
136
92
67
93
67
61
111
119
85
59
75
69
88
82
165
100
75
77
100
78
73
87
74
96
110
82
96
101
73
78
75
96
73
116
118
74
73
82
68
94
84
70
123
105
82
92
137
89
73
70
69
81
162
103
64
103
79
94
76
109
154
81
89
87
71
64
98
162
98
73
88
94
83
62
122
57
60
123
94
115
142
94
94
127
116
73
105
57
101
89
93
70
57
122
116
91
113
123
106
104
82
58
80
82
75
100
85
65
94
71
72
88
65
77
94
82
77
94
107
72
77
73
67
110
109
83
93
101
139
115
119
96
82
94
85
77
73
101
85
87
71
82
120
83
102
93
58
98
80
89
62
87
107
68
80
72
88
165
110
72
93
126
110
70
76
85
78
81
110
77
76
68
104
88
87
101
67
91
82
71
102
77
122
109
107
69
86
122
125
59
94
89
79
67
97
80
110
69
87
139
76
81
82
105
91
82
88
76
86
69
168
131
88
97
70
120
85
108
77
81
75
80
73
74
119
77
78
76
111
88
110
150
72
71
81
72
79
98
86
94
180
82
84
202
89
62
70
88
82
122
83
89
119
91
76
124
205
113
172
82
81
88
95
60
81
81
98
111
93
88
109
79
96
141
71
82
77
125
103
67
158
59
103
101
84
84
78
65
102
90
77
130
70
102
94
78
94
85
94
130
97
77
67
95
127
85
64
99
138
111
85
73
74
73
75
64
84
91
76
67
83
79
60
98
72
112
82
88
84
102
89
73
66
58
84
116
106
81
108
61
108
70
70
96
90
69
172
96
80
82
124
90
83
98
126
93
83
106
103
73
86
79
89
99
76
143
79
69
117
172
98
78
80
74
71
104
120
85
58
78
82
84
133
103
104
71
67
114
77
78
104
91
76
76
129
71
90
89
90
119
75
128
88
75
80
122
65
87
61
62
87
92
69
85
74
104
107
68
69
79
79
105
72
88
80
102
71
84
135
85
75
78
98
69
207
75
98
128
111
64
92
93
75
89
66
74
177
83
123
81
76
94
94
82
71
86
217
163
96
90
103
59
65
114
88
62
135
80
66
72
122
67
127
110
108
71
86
80
66
76
92
87
85
88
94
94
72
95
101
121
82
70
85
92
107
79
151
89
73
94
101
144
83
90
115
95
93
103
124
72
99
63
61
71
79
65
84
61
131
91
70
76
93
63
64
88
96
70
94
103
96
101
87
89
85
76
75
99
120
87
74
89
94
77
86
65
81
94
82
106
77
80
69
93
84
72
73
80
73
92
97
79
68
74
76
81
85
113
88
100
72
105
88
74
68
75
68
82
106
74
54
93
72
104
84
69
88
79
79
116
67
91
87
59
84
87
94
65
80
114
100
103
113
94
77
71
86
78
88
87
75
74
89
67
101
85
98
67
81
87
66
106
76
66
87
58
94
142
94
70
72
63
127
79
102
97
81
93
65
104
96
75
83
110
64
75
118
77
85
104
132
139
130
76
188
59
77
110
108
66
91
84
122
78
90
93
64
74
70
98
94
79
119
80
112
99
98
86
138
77
137
63
132
80
106
74
94
89
77
65
134
112
146
94
62
91
108
103
78
68
89
92
88
91
56
74
95
178
90
123
145
108
62
78
82
82
102
87
96
104
152
100
97
79
124
78
97
97
92
79
72
71
122
129
77
94
75
86
98
114
95
77
135
115
75
75
95
71
73
76
70
135
86
69
94
156
80
72
86
102
171
101
99
92
92
88
123
159
90
65
62
79
75
76
80
66
96
91
84
116
146
114
78
88
66
84
81
117
98
118
101
86
129
76
162
92
110
62
60
103
152
101
94
95
111
110
101
86
78
87
86
114
89
73
96
104
132
83
78
81
104
109
106
63
56
95
74
115
86
91
152
119
100
112
153
132
97
99
59
137
104
70
68
107
72
115
121
86
100
130
81
64
97
66
86
60
116
105
100
81
79
85
65
65
98
127
76
103
131
81
125
99
76
159
97
55
67
74
85
73
97
145
82
95
109
73
64
95
100
108
101
77
83
77
89
93
82
80
79
133
61
94
88
80
92
68
138
87
84
116
130
94
69
138
79
101
69
67
61
87
86
71
109
110
98
140
106
84
88
78
120
66
150
114
85
75
110
84
117
170
83
71
125
74
66
97
115
80
80
116
97
80
85
72
81
65
125
111
82
89
81
71
85
75
117
154
88
98
105
126
71
77
86
91
122
66
62
81
75
80
87
