344
239
212
612
206
272
296
325
279
346
406
206
304
558
198
448
335
513
195
235
244
257
360
386
244
270
248
189
331
256
283
431
333
238
359
302
356
327
301
232
301
307
576
230
266
325
294
244
213
164
308
400
367
805
260
213
244
247
193
281
339
356
197
276
327
224
218
347
256
302
200
341
224
173
292
383
389
315
401
228
369
268
250
238
265
297
296
276
320
366
549
314
447
211
236
253
251
204
218
341
281
328
293
411
460
373
460
252
823
376
301
286
168
241
420
201
356
281
381
279
282
389
352
323
300
216
294
280
233
287
431
270
478
183
345
346
175
290
259
224
746
308
238
254
221
272
304
309
303
322
348
258
292
295
282
294
267
303
210
230
323
285
286
513
280
322
315
285
317
617
287
311
258
596
213
315
190
294
317
355
319
250
282
365
262
421
167
207
528
325
302
225
172
617
260
349
231
310
234
377
338
224
270
251
286
445
338
290
295
472
312
252
224
222
282
291
313
211
538
352
286
228
230
294
286
261
375
323
224
333
379
195
272
353
307
281
219
284
184
335
248
244
373
398
374
228
281
276
351
300
212
298
225
372
245
428
301
256
227
451
295
302
233
263
414
316
305
671
225
273
327
288
290
306
423
474
289
259
286
253
291
314
442
337
199
258
302
261
387
222
305
357
264
262
349
244
227
383
273
212
370
351
247
267
275
370
265
387
269
287
276
221
241
337
312
338
368
304
310
329
644
242
466
220
278
195
236
295
217
280
318
207
367
240
349
240
302
319
305
688
251
383
369
290
214
283
295
352
262
345
363
226
258
335
332
299
357
245
278
289
314
188
313
318
286
404
166
341
183
366
371
308
246
240
235
256
274
313
271
221
271
455
242
258
342
251
388
285
602
229
258
289
254
292
334
337
267
564
275
205
295
260
184
271
338
258
197
289
325
172
274
262
236
205
237
254
223
312
372
354
218
282
388
279
231
521
449
249
328
195
293
254
258
232
372
331
263
490
305
373
268
213
271
380
273
239
259
291
293
253
355
410
243
291
325
238
231
250
386
315
275
317
243
233
204
300
249
652
329
175
237
175
284
508
241
199
306
294
274
247
191
289
220
210
291
286
387
255
197
383
249
342
197
292
270
268
355
348
259
310
217
334
196
192
218
168
797
220
175
331
224
363
243
217
190
290
205
360
190
240
271
315
449
331
279
301
296
246
222
309
262
210
321
292
302
227
234
331
346
307
239
254
236
175
412
629
306
485
276
278
273
235
466
262
465
194
185
332
305
275
289
246
289
540
851
314
293
696
325
198
289
208
235
300
228
210
256
677
430
517
256
544
263
190
252
219
267
221
193
229
395
263
275
202
221
208
259
240
845
308
323
353
233
287
355
319
224
192
326
259
352
392
188
248
386
261
279
183
179
391
213
264
574
317
234
332
322
308
298
240
349
218
195
217
248
271
286
235
237
269
393
338
503
317
183
284
436
437
274
224
336
336
266
202
361
430
164
306
519
318
440
335
335
232
413
320
208
226
211
227
230
368
176
369
354
306
251
373
293
368
228
284
573
271
259
405
228
270
199
293
346
178
312
219
301
265
272
287
257
350
381
224
223
281
255
298
221
178
241
264
371
387
499
541
346
393
245
294
498
252
413
332
283
274
248
317
295
253
265
491
250
197
273
204
358
233
398
244
268
310
504
242
398
263
306
284
228
231
207
295
182
224
250
320
248
239
437
235
446
208
308
229
503
156
192
245
311
214
322
419
302
305
275
249
493
219
288
336
298
184
287
203
266
229
233
287
301
387
202
196
181
178
191
221
350
350
254
224
229
268
362
267
328
324
407
234
179
171
201
494
381
291
420
387
213
213
254
320
207
203
249
202
212
388
287
328
209
238
356
286
424
221
350
357
182
233
383
206
265
215
262
310
174
236
284
327
303
236
217
230
367
240
343
231
206
284
281
357
192
524
195
274
280
412
243
390
324
525
262
268
242
302
211
274
210
205
297
181
399
389
540
283
231
362
477
299
413
400
561
266
521
359
281
300
223
287
259
237
224
293
284
260
259
195
439
349
254
273
250
389
303
302
430
323
184
302
370
274
292
290
235
278
214
237
315
275
235
312
212
228
361
322
238
240
328
340
260
284
312
371
428
278
256
714
196
273
348
469
242
205
240
392
235
607
349
247
314
257
206
347
275
220
302
307
212
173
240
265
275
761
300
264
266
265
818
259
329
173
531
226
429
233
265
410
166
307
327
300
314
224
612
345
267
315
221
222
192
302
308
424
544
210
499
275
340
643
310
299
309
263
278
354
202
334
185
225
220
457
267
295
313
475
352
410
386
370
302
438
369
291
211
260
311
346
287
243
228
247
374
369
291
403
244
193
222
432
328
292
251
244
204
361
425
219
214
261
322
232
306
252
355
247
363
226
346
329
346
361
605
236
209
210
253
507
634
265
523
381
293
218
370
219
272
264
495
204
380
260
196
323
385
305
311
393
239
191
328
225
315
334
362
381
337
275
401
290
264
324
251
520
255
382
256
396
487
272
254
226
284
532
329
251
314
226
245
315
280
428
256
402
250
427
465
228
257
459
411
314
280
214
282
266
370
251
321
276
240
373
341
216
263
165
294
263
367
231
373
210
452
358
237
208
408
263
596
241
273
298
398
510
276
275
258
437
218
172
317
242
248
388
214
377
380
205
308
340
399
363
241
419
342
207
349
338
216
204
406
193
243
278
505
227
226
254
199
607
486
592
241
294
364
326
222
369
352
325
248
283
251
509
521
228
247
360
392
358
425
301
227
232
200
269
515
239
282
212
150
285
301
460
235
376
293
214
245
467
265
265
220
382
196
598
288
411
369
289
335
266
230
278
534
315
382
349
209
204
351
201
225
284
194
214
182
402
497
451
283
242
340
579
302
281
301
200
254
222
315
303
313
305
323
327
293
221
237
390
171
205
224
195
344
266
334
305
334
328
320
266
261
251
400
261
207
219
352
341
246
310
200
245
313
423
495
444
322
302
377
253
325
266
328
292
361
245
325
188
877
225
206
165
316
375
353
431
232
293
244
218
216
220
242
276
259
249
238
271
225
307
269
227
337
258
218
378
379
580
339
341
242
1005
195
215
218
264
341
660
331
375
283
245
150
267
318
271
387
337
253
400
259
496
352
216
221
326
218
197
305
459
270
545
302
219
298
234
209
236
294
192
239
260
234
265
223
426
233
269
327
296
363
292
200
336
294
228
402
368
272
316
198
269
217
504
379
364
404
303
281
265
203
210
440
365
260
300
288
316
324
226
213
222
304
445
211
559
197
265
242
324
288
221
242
226
250
287
240
262
289
254
242
256
261
342
307
346
323
306
286
261
450
221
292
313
340
251
231
374
307
189
256
280
229
214
250
266
330
434
238
246
225
248
306
903
280
293
264
190
287
254
252
236
356
236
177
390
203
230
263
206
245
222
181
247
483
217
176
501
230
232
384
273
250
343
262
226
460
189
318
352
223
332
268
332
270
273
354
300
287
341
276
270
208
445
425
403
398
432
339
296
247
759
241
312
191
187
292
397
266
343
361
424
324
305
246
279
378
693
248
388
278
251
264
232
187
326
300
370
249
402
315
302
371
228
254
176
175
242
333
282
248
218
206
670
365
291
315
259
270
296
306
328
257
