72
61
141
75
95
72
116
74
82
72
90
97
76
85
72
102
86
91
77
81
72
69
72
94
91
96
100
75
76
84
90
65
81
115
72
115
71
104
70
88
92
81
91
91
75
93
59
89
156
78
111
71
63
78
84
76
80
86
78
98
97
95
85
76
75
83
107
85
80
127
79
107
58
71
102
117
84
64
77
80
67
147
68
88
110
63
77
99
86
102
75
76
69
83
92
94
64
96
99
82
95
89
71
81
71
94
85
88
86
85
122
127
81
114
92
82
75
78
73
64
76
80
76
83
75
109
72
63
124
106
97
86
119
68
93
109
87
78
160
84
96
95
83
98
67
76
90
121
84
82
76
79
65
89
95
89
89
77
85
66
109
96
88
72
84
67
114
75
81
83
111
106
66
85
73
86
125
61
78
96
93
83
75
73
122
78
73
98
58
62
118
83
99
85
88
77
73
144
74
78
105
63
85
73
66
118
80
92
101
83
78
60
72
144
73
91
86
89
71
84
121
81
65
73
77
102
88
63
115
69
100
143
80
93
62
81
124
81
69
62
90
66
82
93
73
74
96
84
84
103
63
73
112
112
114
59
78
79
78
99
87
93
84
59
71
101
54
88
79
84
102
78
102
99
107
73
95
65
85
79
85
97
116
83
92
76
110
108
80
77
115
86
129
78
87
67
62
111
80
133
81
184
70
101
141
59
74
66
77
119
74
87
101
150
90
88
109
97
90
76
187
95
115
73
61
68
67
97
70
88
74
95
67
81
83
114
81
88
92
72
64
76
64
145
78
91
82
102
149
75
99
72
97
72
79
85
78
100
99
60
107
115
68
100
66
85
68
122
76
105
78
84
75
93
75
76
72
73
82
97
103
69
77
98
75
87
130
59
74
119
102
95
74
55
89
116
74
124
67
78
159
90
88
103
66
88
87
81
110
74
66
70
91
66
89
82
77
108
123
70
72
95
116
73
67
113
92
75
127
78
78
71
74
93
81
80
70
135
72
78
123
107
98
165
91
82
71
92
96
77
85
100
83
90
66
93
74
70
99
83
71
58
88
78
151
85
108
83
70
82
87
82
135
102
116
76
80
97
72
90
74
89
70
70
160
81
88
101
73
75
104
69
91
171
96
76
99
78
71
99
133
83
85
85
96
79
61
60
83
80
89
77
70
109
74
99
69
92
91
83
81
96
108
75
76
70
94
86
183
74
131
74
85
65
70
187
74
90
112
84
85
87
72
85
143
93
80
74
98
94
81
85
112
87
98
67
102
58
72
84
101
87
64
70
64
91
131
110
99
70
79
73
110
83
78
78
88
72
74
83
73
66
65
92
168
77
65
84
63
81
61
85
71
137
75
119
81
72
102
75
86
94
78
76
168
69
96
93
74
69
73
77
76
63
92
77
96
88
80
117
85
141
90
68
64
71
97
73
57
84
109
122
81
82
72
80
74
61
102
73
87
115
84
89
93
70
92
71
76
67
86
113
127
75
132
62
91
87
146
99
68
78
62
68
104
81
103
104
91
90
58
66
127
94
65
96
65
183
89
97
76
124
73
79
80
79
70
141
68
54
86
86
83
85
78
70
81
85
81
91
85
68
101
76
151
83
71
74
71
95
139
68
98
182
90
69
82
80
81
77
86
94
91
108
102
74
81
71
144
97
76
83
86
79
77
74
76
72
79
87
66
99
76
107
85
101
75
77
80
88
63
88
170
104
67
74
79
75
72
73
84
88
76
77
58
81
67
87
83
137
97
77
69
93
70
102
114
114
103
73
88
80
68
97
76
90
79
68
65
82
82
108
72
118
99
70
99
83
89
75
65
94
142
89
104
79
74
89
75
80
91
87
73
67
75
113
111
73
73
98
146
91
73
109
78
73
69
71
59
92
74
114
89
93
105
70
145
70
99
64
89
108
112
60
78
83
68
116
82
63
124
89
80
99
56
77
106
78
84
93
76
73
87
101
85
134
61
101
72
68
103
73
98
73
79
75
76
87
109
73
92
87
75
67
79
92
109
101
67
83
92
89
81
95
94
151
88
66
87
89
80
93
105
105
75
108
90
72
77
79
73
72
101
71
74
66
69
88
86
108
122
99
76
78
66
108
154
111
90
85
100
80
66
93
58
89
75
116
94
77
68
63
116
74
113
117
83
72
111
65
56
99
101
153
84
87
97
92
69
87
95
100
67
67
116
76
80
73
86
74
107
97
81
74
75
62
67
80
78
120
118
95
83
87
81
90
96
94
94
74
105
88
123
77
78
118
79
87
86
111
130
90
75
90
82
89
75
151
79
64
111
74
136
135
157
121
80
81
76
82
97
69
71
70
85
88
83
58
91
106
84
81
79
90
120
70
72
106
114
91
64
147
106
82
90
103
102
69
142
78
105
73
110
73
78
87
94
63
90
80
90
95
58
77
70
81
142
59
59
78
98
148
78
70
91
81
110
164
77
92
110
112
70
73
99
95
78
62
87
120
75
86
114
64
79
99
75
94
67
76
91
75
69
90
74
105
71
166
125
82
118
68
82
92
77
69
107
107
122
60
58
80
109
87
106
91
68
82
71
89
83
62
69
84
87
75
90
73
97
93
107
70
104
93
67
91
113
96
140
90
81
75
83
74
95
112
70
76
72
75
80
96
77
82
65
98
81
91
112
89
104
76
63
96
138
70
87
76
80
103
107
70
85
143
76
94
148
96
71
106
74
82
81
82
92
64
78
94
78
83
81
90
65
102
67
98
121
74
75
72
76
64
86
66
129
101
81
68
89
133
121
81
90
94
118
73
79
79
92
78
67
93
93
131
77
72
88
79
78
91
88
78
100
97
88
69
66
90
83
126
93
82
80
75
78
93
95
107
72
74
155
80
76
134
79
73
81
91
71
101
75
82
78
81
113
84
95
78
81
83
84
80
92
74
113
72
145
96
88
60
84
90
77
67
66
87
71
167
82
79
92
71
82
125
81
76
154
107
94
74
106
70
85
82
103
126
101
73
80
124
109
82
115
82
117
92
92
70
79
95
71
77
83
101
76
72
77
69
90
266
63
79
96
79
69
90
86
93
113
94
75
89
71
82
100
68
78
72
78
106
105
135
81
76
88
80
110
81
79
70
77
74
90
67
69
77
99
111
124
88
99
114
60
75
75
83
120
116
74
78
63
77
85
76
109
95
101
166
86
74
93
79
101
70
72
76
67
71
91
75
72
107
116
98
77
84
82
74
72
68
83
105
71
60
78
144
66
74
130
101
90
150
72
84
67
80
60
108
83
98
117
93
73
74
112
96
85
83
70
64
113
94
81
90
69
108
106
75
99
82
86
76
60
65
90
80
101
76
81
106
75
95
105
100
70
59
89
86
84
64
68
112
75
70
65
84
102
95
63
77
81
100
89
87
64
67
83
124
79
78
90
80
97
