131
121
73
67
123
94
99
106
83
97
96
99
83
77
80
86
92
76
64
63
84
79
81
116
98
78
120
97
74
131
103
79
77
85
71
72
99
71
73
80
143
80
69
86
80
76
153
72
92
103
80
142
65
72
88
105
86
88
83
98
68
73
100
113
97
61
106
96
74
118
86
90
62
83
75
83
79
64
99
85
98
144
117
75
66
80
79
82
83
64
96
82
103
80
97
138
118
98
91
67
116
79
74
126
99
82
92
86
83
113
90
91
77
73
83
75
83
85
101
90
76
77
105
69
68
105
72
79
76
89
82
133
99
88
107
192
83
78
89
98
69
69
87
75
180
76
82
73
169
68
131
72
83
92
86
142
104
90
96
110
96
68
59
105
95
73
90
77
135
67
68
109
62
82
110
60
79
79
70
94
75
89
72
64
128
105
74
89
81
64
86
58
73
71
100
78
77
105
108
100
73
116
76
92
87
104
73
72
92
78
118
66
62
94
86
81
104
105
120
75
68
69
70
90
98
69
79
79
73
69
115
129
127
120
63
77
94
65
73
105
69
93
79
78
130
87
97
72
66
83
164
96
144
85
112
62
79
74
79
103
101
73
71
97
86
70
97
76
66
70
67
77
121
88
84
82
107
100
146
167
89
81
60
101
61
94
85
71
128
61
102
69
94
62
76
84
56
105
83
75
106
92
84
89
70
81
78
73
78
80
74
62
61
76
71
124
90
82
87
79
97
60
83
71
105
62
73
91
85
165
82
82
72
120
80
69
99
84
88
91
85
120
64
101
97
89
83
97
171
64
85
69
79
71
82
130
76
75
65
100
68
79
77
72
132
105
114
101
103
68
71
71
93
92
98
68
70
84
90
103
74
85
82
106
72
91
79
69
193
102
72
76
89
86
64
84
115
95
87
71
110
77
61
81
71
108
120
107
82
188
133
74
89
72
69
81
76
87
75
111
83
71
72
102
116
84
99
88
94
107
82
71
78
105
69
74
117
74
82
141
80
73
73
116
86
74
138
100
82
78
75
96
94
106
75
73
73
81
95
74
66
60
61
78
84
83
95
62
91
101
63
69
104
69
130
76
82
89
58
115
74
66
65
71
120
100
60
63
82
91
88
99
79
68
106
103
143
134
70
91
114
89
79
69
64
95
68
89
80
110
136
109
69
88
93
97
65
92
87
94
90
65
82
104
88
75
69
76
82
124
118
69
123
97
89
66
69
63
75
77
82
116
133
68
80
84
91
67
78
86
113
86
126
74
114
88
71
70
85
94
64
60
108
84
95
80
80
100
77
65
86
97
65
119
68
102
88
66
90
74
98
125
90
75
72
74
79
90
75
94
83
91
103
84
103
110
70
103
82
102
67
69
102
81
77
165
103
73
80
72
79
77
99
93
93
86
93
129
61
65
89
81
72
75
84
68
75
68
105
81
79
116
112
117
148
102
124
88
76
72
118
150
75
89
73
98
71
81
82
98
98
71
84
107
118
70
98
78
90
78
91
67
94
67
79
62
86
75
111
80
106
127
67
114
65
115
93
71
64
75
64
73
80
85
70
100
99
67
88
81
83
79
76
129
76
65
66
94
92
101
116
64
90
92
83
80
84
95
76
91
76
87
84
103
102
72
72
95
55
101
84
68
98
90
81
92
97
72
77
138
72
102
98
76
70
90
71
77
74
92
71
90
120
266
104
71
97
85
75
105
97
79
92
85
74
69
94
58
83
83
71
133
75
93
75
72
76
79
86
107
71
105
121
90
106
98
109
190
57
73
84
86
94
87
94
73
90
72
85
66
103
80
102
74
80
72
151
94
109
83
85
74
61
92
94
133
79
67
74
130
100
75
77
68
75
116
92
80
83
79
86
90
97
77
119
107
135
112
88
99
107
74
68
70
85
66
102
89
68
66
80
73
71
85
65
85
72
91
86
74
72
82
73
78
123
74
63
72
102
97
78
122
63
74
72
85
90
93
102
113
86
76
86
67
60
72
86
89
74
65
77
100
77
69
69
91
74
93
70
150
98
132
89
73
104
89
141
111
72
79
98
117
73
67
63
83
91
84
78
75
79
83
98
144
76
108
73
86
64
92
58
101
70
92
78
95
84
73
87
74
98
127
103
76
103
97
112
114
138
136
87
89
87
90
79
64
196
65
83
84
90
91
84
93
90
178
119
94
75
116
71
67
109
98
58
87
117
131
117
81
73
91
66
82
80
65
58
123
95
76
98
111
69
88
110
74
77
104
94
131
92
66
99
66
89
96
137
68
78
123
86
83
73
108
78
69
84
146
77
81
75
72
124
69
75
92
79
100
85
90
95
88
83
66
79
85
82
61
92
95
59
66
108
83
82
73
114
77
79
101
84
94
86
134
83
78
72
67
72
114
102
95
91
123
82
96
88
113
66
172
120
91
112
96
69
87
77
67
75
72
92
88
84
76
66
87
73
72
67
82
112
98
84
86
72
82
87
62
92
91
73
210
69
77
80
113
70
69
63
91
85
83
110
127
70
62
99
119
86
85
107
67
81
93
76
90
76
81
95
94
98
91
86
103
72
81
67
88
85
82
83
85
95
94
103
72
91
94
70
81
65
111
72
121
76
113
88
107
69
87
112
66
88
71
79
89
84
99
97
64
69
66
73
64
81
63
59
59
86
74
85
108
108
78
74
78
85
99
87
89
70
70
69
84
91
72
101
68
72
73
107
72
73
97
100
90
83
97
67
97
80
113
62
63
77
85
142
87
71
99
104
91
71
91
139
88
76
80
73
102
70
99
63
89
65
73
70
125
102
87
85
68
140
79
96
119
71
178
87
89
82
98
79
141
108
94
57
81
77
103
97
88
82
94
60
79
175
73
91
77
100
61
100
80
88
74
91
86
78
85
103
74
141
132
67
122
90
176
155
64
66
80
86
60
126
92
67
83
86
114
95
92
78
100
71
80
79
75
90
101
101
91
161
114
66
218
71
110
62
99
88
83
88
87
92
71
66
154
94
93
76
88
61
114
188
68
130
79
113
88
67
75
130
81
120
84
62
98
63
83
90
74
88
76
87
70
63
100
77
97
89
104
103
94
110
95
71
152
100
85
84
138
82
102
64
67
81
70
101
118
111
86
106
102
73
118
77
56
70
75
75
77
62
66
100
87
88
81
84
82
87
100
60
75
115
90
96
96
87
73
89
66
103
129
133
124
94
79
83
64
69
79
168
93
77
143
123
91
89
96
75
82
88
65
67
74
75
98
85
81
77
136
97
79
77
81
86
79
88
90
73
108
73
86
77
95
67
89
80
61
74
95
85
97
71
64
63
120
89
100
72
131
104
121
69
88
92
99
119
144
75
65
82
153
121
74
88
90
73
91
68
114
76
70
66
76
104
98
72
64
80
99
75
91
89
69
71
107
77
93
87
75
79
128
76
114
104
72
91
89
84
66
99
85
132
90
71
109
83
76
68
167
79
87
69
87
78
93
100
85
82
70
80
85
91
71
84
67
63
74
92
135
78
81
101
71
71
83
77
95
95
92
146
74
92
71
89
126
68
102
76
78
79
93
69
117
64
173
77
113
86
72
72
74
93
72
66
84
71
66
74
110
127
65
80
99
156
98
84
64
131
85
139
108
123
60
120
72
93
70
68
121
76
113
69
102
73
157
94
76
74
77
96
80
60
98
87
86
85
67
85
80
72
75
139
125
72
67
89
75
79
85
83
95
75
98
78
73
76
86
159
87
115
92
70
79
80
93
94
65
99
74
89
61
84
78
94
139
107
86
76
124
103
84
70
69
127
92
103
120
71
92
92
108
69
72
69
116
73
92
79
104
107
102
96
90
90
82
82
261
85
74
74
100
61
73
114
74
126
83
80
83
89
66
82
101
59
122
74
91
61
74
95
101
72
78
74
80
82
105
86
84
67
75
82
102
68
93
79
71
95
86
95
67
71
205
100
72
174
70
92
93
96
96
81
70
124
90
78
80
84
92
60
70
69
73
66
65
83
112
73
76
75
107
79
80
91
80
106
107
72
87
94
69
98
85
79
69
99
108
77
75
59
66
77
166
84
71
56
86
128
100
104
89
67
96
87
80
80
72
88
79
75
69
77
93
84
72
97
110
135
96
122
86
73
143
77
168
95
76
75
82
87
99
61
118
73
84
72
98
103
66
70
97
67
85
150
92
66
70
83
82
96
67
86
163
119
75
57
76
78
108
76
62
107
78
98
130
77
74
88
95
80
85
124
81
65
95
104
81
72
188
96
71
100
71
84
107
99
62
95
132
82
72
80
82
83
81
72
79
71
68
107
75
60
74
80
93
66
93
85
92
140
141
86
72
81
75
74
107
79
78
75
93
134
70
87
86
85
84
83
95
101
117
144
97
100
85
84
65
69
67
70
133
73
89
86
88
87
84
123
64
72
82
122
160
102
92
116
80
74
89
95
75
72
84
94
81
72
90
114
91
96
78
83
77
71
69
61
90
74
