350
470
494
289
262
366
266
307
279
352
534
309
433
569
467
467
347
375
428
458
564
221
385
338
309
339
348
360
309
466
395
520
358
486
549
377
229
532
350
419
340
250
277
392
506
325
335
367
313
262
383
387
308
1018
334
422
285
277
566
386
391
276
352
521
504
312
390
325
431
381
252
577
275
425
302
352
359
481
435
385
411
334
306
313
414
281
480
384
347
320
423
407
381
360
436
454
453
268
347
495
477
596
366
287
383
446
310
259
319
342
820
284
323
361
373
560
306
322
426
335
364
790
425
457
206
422
444
381
349
457
449
302
522
593
325
386
384
462
255
386
299
288
492
308
476
389
559
412
311
235
470
420
465
448
420
283
318
405
617
440
476
530
388
257
410
362
283
301
420
239
377
517
285
377
252
519
405
594
434
418
463
277
373
367
276
470
544
235
490
459
456
481
479
333
498
257
382
442
438
324
332
361
627
335
315
300
392
355
227
468
455
325
312
484
341
267
631
291
298
626
371
320
321
623
329
479
281
222
434
344
567
261
326
411
570
401
375
256
400
519
406
416
311
442
356
299
288
353
279
299
376
414
293
280
548
257
325
274
285
372
318
425
295
397
417
373
340
522
252
313
258
1013
342
645
370
318
323
386
250
309
410
400
551
267
407
269
482
241
368
441
387
410
387
332
481
322
421
346
260
364
413
371
430
354
305
331
352
510
623
393
371
283
476
430
383
361
545
721
322
636
358
405
527
504
501
348
475
282
363
337
434
526
378
333
291
501
461
365
336
304
448
846
294
393
363
298
297
445
416
360
297
302
477
406
387
275
320
277
330
285
399
340
444
354
409
570
599
355
344
417
467
372
454
433
298
679
296
445
249
439
325
407
381
399
383
314
296
368
437
303
351
349
345
304
869
478
463
626
407
324
407
355
306
241
345
333
397
352
500
310
267
325
574
338
463
292
273
266
218
402
457
356
346
464
689
472
503
365
291
325
475
666
370
363
809
274
359
339
340
425
392
591
444
253
424
421
413
260
309
535
275
254
496
437
255
433
197
257
452
345
345
755
593
395
450
211
391
362
405
402
370
443
290
394
637
478
773
484
321
318
431
419
454
311
377
340
333
258
316
333
437
379
291
233
345
401
428
253
535
422
307
406
399
1053
222
387
383
363
380
263
328
246
577
428
283
338
342
293
725
342
319
516
395
322
463
577
283
421
497
410
256
327
588
365
280
342
434
352
330
506
275
385
373
544
342
327
488
238
234
233
511
485
416
372
456
471
346
409
275
342
244
264
413
402
394
406
314
305
436
313
285
270
439
368
558
405
352
481
472
360
308
442
511
269
443
380
359
402
842
545
361
415
381
458
481
642
372
467
532
318
381
432
290
395
362
291
365
310
278
373
397
278
343
352
398
400
434
357
393
255
431
575
273
397
333
359
332
231
528
554
280
346
323
450
376
278
245
498
316
333
295
604
280
404
292
480
326
359
379
574
399
411
376
370
327
240
790
333
361
409
295
558
632
386
510
318
415
564
309
303
391
541
302
298
382
349
507
411
488
351
504
404
494
458
477
333
468
441
302
325
366
466
465
270
230
365
291
304
432
430
371
372
408
310
316
606
370
494
370
532
476
518
419
306
330
501
484
350
430
276
482
395
264
275
301
398
395
218
461
437
440
445
475
285
265
489
453
777
435
386
305
451
473
414
295
364
278
347
381
761
564
466
332
336
546
370
412
329
414
360
385
628
284
385
281
338
348
313
264
344
450
262
269
373
329
298
353
312
424
313
395
410
568
797
474
221
435
289
356
350
377
326
335
627
229
280
270
259
395
374
504
519
404
395
471
443
380
336
498
300
382
638
254
399
302
331
312
274
419
349
445
360
368
456
284
356
283
257
445
473
311
354
408
420
322
247
444
473
326
379
226
308
392
311
354
293
367
216
300
438
225
515
270
360
330
452
390
324
641
346
354
291
449
234
512
314
449
328
396
394
484
315
262
555
341
387
380
654
315
531
338
232
310
351
353
341
311
344
369
346
299
310
394
544
441
340
355
647
328
438
345
449
337
403
426
431
356
365
340
394
575
273
378
252
319
318
385
290
266
693
286
351
312
551
244
235
414
325
273
385
384
431
296
604
468
285
566
347
415
328
368
277
303
335
417
667
255
391
500
643
353
248
335
355
315
528
517
279
556
461
390
409
321
577
293
265
208
341
235
324
530
567
300
293
465
267
442
346
397
308
358
383
212
329
292
355
669
315
409
376
381
588
376
286
339
329
587
368
365
459
390
387
469
356
238
256
265
429
293
328
313
305
378
368
401
404
441
451
424
301
231
356
532
633
350
374
371
275
506
466
370
372
265
275
461
314
294
589
566
397
276
361
482
301
384
438
312
637
408
239
331
309
442
532
306
318
275
390
247
256
404
474
300
535
274
407
402
568
428
249
462
543
318
362
481
292
288
669
394
207
321
486
493
321
346
326
339
379
442
266
447
285
401
288
255
568
340
379
322
298
444
282
352
632
295
416
296
346
473
540
214
424
312
550
580
316
297
425
450
364
432
436
432
431
463
391
247
417
376
319
449
852
304
453
362
594
305
390
381
309
559
419
438
453
258
479
506
407
481
445
396
294
299
643
414
271
635
337
310
478
365
547
345
395
367
460
317
517
400
385
326
491
393
423
392
364
337
305
326
332
320
300
328
382
406
407
384
354
244
268
288
281
543
294
378
475
330
377
266
398
351
345
622
502
370
326
311
444
321
405
407
462
283
327
306
409
204
315
483
356
418
284
393
399
376
584
314
520
344
439
416
249
580
227
335
409
244
271
445
268
643
362
308
268
360
316
339
476
203
344
510
441
327
398
634
377
532
337
300
284
377
295
323
433
351
363
404
350
236
356
427
448
679
390
314
366
401
587
265
497
383
411
381
376
324
476
319
381
418
311
280
387
394
461
301
563
701
361
428
287
399
326
339
361
269
355
357
389
323
338
384
306
366
370
289
412
364
335
310
438
892
568
452
419
434
310
325
765
426
417
409
322
377
273
368
601
363
276
404
398
282
371
339
282
255
530
504
300
232
373
283
290
273
417
254
373
289
298
327
518
426
401
260
557
436
277
394
300
357
247
292
335
492
466
383
363
361
355
278
350
326
267
369
313
390
516
301
485
294
407
278
579
421
368
296
327
347
287
451
336
293
242
310
266
331
440
450
328
494
465
511
424
460
377
553
292
433
251
411
333
436
282
496
240
321
338
466
355
301
416
255
318
527
330
325
268
283
285
409
312
509
284
483
271
776
883
326
425
448
357
632
252
309
448
361
343
366
300
321
283
294
261
370
482
258
519
291
379
487
366
379
271
308
315
308
386
308
447
661
228
319
295
495
302
434
390
412
285
595
396
252
498
323
381
245
330
352
331
338
399
381
586
413
465
444
279
320
341
318
332
562
298
478
688
316
559
346
310
523
305
378
401
318
337
359
335
323
291
445
424
279
300
532
448
313
254
280
243
347
347
591
446
321
285
312
461
226
289
338
582
