292
261
289
311
307
629
240
237
532
310
353
290
332
214
376
220
510
269
233
280
346
305
247
266
214
426
639
294
350
244
254
218
369
261
355
195
379
270
389
185
227
248
256
253
206
243
291
252
409
237
238
251
242
305
209
361
429
239
385
240
265
342
196
369
242
200
229
328
218
308
269
363
213
347
268
401
435
201
195
232
242
263
386
618
203
327
265
245
479
254
271
363
314
316
327
297
247
286
273
255
305
233
211
521
305
375
203
227
257
256
341
328
368
339
184
310
266
242
213
318
360
365
322
249
253
372
376
334
282
211
366
303
278
236
222
261
299
287
289
266
355
237
237
236
185
217
213
299
271
423
285
288
271
360
482
264
214
218
371
438
289
314
260
319
283
241
347
291
283
244
527
343
217
226
270
235
199
262
252
219
334
346
349
376
217
358
181
320
189
218
596
404
205
247
415
199
317
317
324
328
266
234
261
195
279
247
324
253
214
337
220
251
304
498
285
462
211
268
297
251
295
253
233
316
238
308
267
246
573
248
536
313
283
560
244
243
236
339
387
352
217
299
449
234
251
407
514
259
339
266
255
409
207
197
282
220
258
273
398
417
219
300
247
300
361
279
265
472
227
275
280
392
543
433
216
255
201
329
285
280
281
269
321
231
242
271
304
280
241
434
222
320
360
186
532
340
197
268
246
233
368
400
282
393
280
245
194
257
334
223
515
211
313
335
337
276
204
300
247
276
223
227
340
271
260
372
293
276
257
263
231
338
272
358
369
379
233
284
269
313
369
227
344
214
260
268
229
342
443
435
233
321
278
334
377
344
270
244
274
238
209
663
365
311
234
432
646
374
383
230
341
301
394
222
359
382
239
250
267
292
271
264
262
243
384
232
244
238
406
302
349
368
250
328
251
241
341
551
342
304
264
304
188
231
273
345
630
350
598
175
377
349
567
289
229
287
294
327
317
267
404
370
276
245
388
278
288
269
405
419
403
381
229
303
240
183
205
504
257
311
222
322
264
261
217
202
342
249
336
282
239
257
177
287
354
252
349
205
240
310
422
292
245
211
211
261
224
250
239
330
308
279
339
376
308
263
290
204
250
563
577
281
365
379
324
522
390
254
321
200
280
278
272
242
254
369
222
292
341
321
228
229
519
535
316
445
252
302
206
200
229
234
254
315
204
232
443
302
200
209
283
197
338
216
366
474
448
344
241
400
228
286
215
341
359
316
284
221
400
263
325
232
236
264
210
243
290
192
193
202
263
185
224
333
439
351
360
321
287
331
206
301
327
405
239
276
288
287
283
336
287
199
320
268
360
240
279
209
261
302
436
202
262
276
632
298
329
254
351
234
382
188
167
304
270
589
565
293
221
202
166
425
277
252
258
280
472
262
193
307
293
217
296
301
297
398
239
213
302
376
357
185
242
303
288
299
244
330
338
518
292
294
385
440
235
338
220
257
321
243
314
331
258
270
259
376
283
195
228
459
385
212
281
250
394
189
197
191
244
259
256
246
227
314
259
424
219
290
292
188
200
324
432
261
327
293
218
340
400
301
353
226
281
411
228
287
227
279
167
319
250
262
1099
258
436
271
339
297
297
294
325
287
329
246
240
244
244
330
294
348
246
468
295
269
264
450
226
241
231
164
303
242
397
292
254
219
299
300
236
208
330
280
217
312
235
321
228
491
267
178
244
197
258
321
234
216
329
266
280
239
465
295
180
289
234
282
204
316
322
227
184
230
317
196
424
572
288
301
202
276
252
303
267
258
271
307
277
275
264
302
244
234
374
307
239
294
187
418
229
417
183
321
238
308
652
373
320
232
328
310
275
358
226
295
275
293
324
219
266
287
514
292
305
220
220
366
366
284
195
295
202
311
208
218
493
327
216
278
336
263
307
283
298
339
273
256
266
226
264
294
283
266
335
282
202
447
257
207
252
231
241
365
473
251
263
393
275
252
302
274
265
464
295
390
293
280
238
251
412
236
437
263
310
235
256
297
291
350
250
294
260
439
311
252
255
308
269
238
235
464
546
299
232
340
348
214
710
455
287
294
202
202
512
377
333
333
234
302
265
259
231
318
213
272
381
247
226
267
222
289
233
460
261
337
313
272
249
235
404
367
362
319
376
278
268
360
381
642
272
204
274
292
265
306
183
247
218
276
216
287
261
258
335
231
201
238
312
232
459
201
246
318
399
249
217
242
383
420
215
279
264
233
387
271
323
184
866
305
209
277
363
326
370
363
232
250
220
416
363
179
268
282
663
218
279
246
265
288
470
218
206
301
311
350
232
393
257
305
313
621
464
210
384
585
232
398
454
214
208
295
254
489
305
232
356
290
312
421
247
283
299
257
336
217
279
226
307
213
262
193
308
268
435
244
251
247
302
632
226
206
390
298
366
341
210
434
433
214
500
348
463
309
368
312
362
224
452
550
482
338
232
504
339
307
325
275
325
309
384
206
329
296
268
189
346
232
306
382
428
321
340
371
204
270
282
283
301
265
299
269
329
319
209
240
267
207
232
245
296
281
336
325
277
293
534
221
676
314
255
300
286
255
354
285
251
224
367
205
310
224
368
348
193
348
255
210
231
320
346
343
286
248
334
330
227
328
443
265
333
343
246
353
403
298
354
220
237
380
253
208
301
292
227
317
259
293
390
244
261
307
332
267
357
366
415
267
284
223
394
283
400
257
476
277
234
230
420
553
438
288
325
376
270
160
329
