81
92
80
86
90
105
110
72
87
66
104
85
102
65
90
58
87
120
66
64
87
76
85
113
86
135
61
84
80
78
86
88
78
71
97
68
87
119
75
88
106
73
85
69
77
115
97
98
74
77
112
78
95
101
76
66
72
102
87
72
68
85
67
95
131
76
71
114
134
68
89
103
111
81
88
60
66
100
83
124
79
81
79
81
101
77
134
111
92
128
103
88
106
90
96
123
124
113
80
82
67
66
86
93
67
64
97
82
85
72
91
76
90
134
96
81
92
83
83
118
82
77
75
112
74
124
59
94
95
79
109
133
108
73
125
108
85
87
91
89
79
86
78
83
101
107
106
61
128
90
77
84
69
61
65
97
75
97
86
75
68
164
75
91
130
76
111
88
86
142
69
74
78
88
76
62
96
133
74
128
76
175
83
87
113
74
71
55
68
71
59
72
54
87
101
66
79
92
57
94
62
116
72
63
91
72
74
166
77
119
96
81
92
167
72
68
60
63
70
80
77
88
68
73
111
73
104
89
74
85
56
77
103
77
122
68
74
86
99
84
95
87
70
82
64
98
77
104
109
74
62
68
93
97
80
73
113
74
70
119
95
96
94
70
63
77
83
73
176
79
108
96
81
144
110
108
116
89
67
72
85
78
71
78
119
70
89
87
71
125
70
79
104
74
66
90
84
108
96
84
104
92
86
101
134
121
90
110
84
81
76
86
90
70
65
74
104
78
122
71
73
69
82
66
76
100
67
72
95
99
122
79
123
82
96
73
71
83
97
69
75
86
57
63
106
66
77
70
97
63
152
61
77
68
83
67
101
71
78
70
93
94
63
88
145
72
69
95
85
65
98
97
77
72
77
83
107
71
76
77
82
64
93
87
62
75
114
82
93
126
105
90
77
72
83
59
106
72
87
108
62
79
87
85
73
73
87
117
94
110
100
79
77
135
135
74
105
91
78
72
92
106
193
100
89
98
111
117
111
86
81
74
78
180
93
85
99
67
72
76
83
77
123
139
72
73
77
84
71
84
82
85
86
80
67
95
73
68
67
85
94
68
98
88
72
74
88
66
62
56
70
76
75
96
65
81
81
60
109
65
99
75
99
105
90
99
83
85
62
71
72
76
76
101
157
100
83
76
63
83
79
65
74
92
82
90
67
86
99
89
90
89
74
66
119
75
100
65
87
115
84
114
73
73
86
78
89
105
96
82
83
67
135
76
87
71
123
74
74
78
62
70
74
84
62
80
86
122
75
68
105
70
68
122
79
109
133
82
84
62
73
83
131
91
72
96
71
81
228
68
88
81
97
71
69
91
73
73
89
64
98
89
81
104
83
131
88
99
64
152
90
77
71
76
72
60
81
101
84
114
80
90
76
107
94
94
106
83
80
94
67
107
72
71
92
79
84
110
97
68
167
85
140
121
75
108
75
60
81
105
144
145
81
73
88
93
104
92
94
177
76
155
88
67
89
87
207
88
73
71
83
137
125
65
75
89
108
102
75
59
112
77
81
91
87
65
127
109
114
93
92
100
59
63
106
57
71
76
125
86
92
69
70
78
77
87
81
87
65
110
129
66
82
84
68
122
93
67
65
104
72
84
101
94
61
77
80
71
73
89
85
125
98
90
80
152
69
95
96
60
106
81
81
110
137
82
93
73
70
154
92
132
173
59
98
93
86
75
84
85
219
84
80
96
72
69
79
88
97
113
93
111
103
66
72
115
72
79
85
172
157
76
96
100
146
78
69
96
83
78
80
68
111
89
92
71
69
67
74
136
80
74
66
75
94
136
121
67
74
66
129
64
91
154
123
104
80
67
88
85
70
111
120
96
69
98
98
85
124
75
90
95
69
87
60
86
73
83
82
84
65
106
76
59
121
65
61
94
77
71
100
88
76
63
79
77
115
67
91
82
85
63
84
79
97
81
169
67
82
81
94
67
99
113
89
64
76
105
128
66
84
78
68
71
112
92
75
79
64
70
179
87
75
95
72
100
65
115
60
94
119
145
100
75
78
131
82
97
89
84
84
126
88
84
100
104
68
63
98
85
74
90
73
82
85
94
64
163
100
90
109
84
92
69
73
58
83
84
92
103
108
93
59
83
87
73
85
121
92
105
75
101
69
65
111
92
71
82
85
132
66
89
61
92
118
81
68
98
87
90
79
82
63
101
78
104
101
83
69
104
82
81
102
84
82
98
78
109
61
94
76
79
117
77
99
74
79
78
66
79
70
112
120
82
97
80
89
63
207
73
81
80
93
112
90
88
98
77
63
84
90
76
90
112
146
80
78
88
87
88
92
75
106
63
90
108
72
70
87
78
98
87
75
102
85
80
140
89
75
70
93
91
117
120
76
73
66
70
61
107
88
69
70
65
77
119
95
72
134
97
68
79
97
107
116
72
70
73
102
85
190
73
92
88
84
65
76
72
73
84
77
72
82
86
93
81
69
140
73
71
93
126
119
70
78
74
67
72
82
135
120
79
86
72
88
121
94
73
93
73
66
80
85
82
76
70
78
65
79
69
84
129
84
96
108
69
72
76
68
94
67
86
80
115
139
75
91
66
83
90
151
101
82
60
78
92
81
89
94
78
102
57
94
83
78
81
70
74
68
83
73
76
73
99
88
94
61
101
74
106
67
69
122
81
69
86
74
63
74
96
84
69
66
87
85
70
93
66
96
113
90
102
82
87
79
88
109
84
60
130
76
83
73
66
72
85
120
86
68
58
68
67
73
85
89
72
84
82
82
141
76
81
72
82
130
113
80
84
106
72
81
80
118
130
91
79
84
125
112
102
75
67
84
92
71
99
93
81
94
57
90
68
99
126
76
103
62
62
86
82
73
88
92
83
74
70
74
67
88
101
78
126
104
73
73
123
62
71
100
150
81
71
73
78
60
89
112
87
76
71
112
79
118
103
67
94
81
91
92
119
79
84
109
75
72
78
78
88
105
78
74
69
99
81
79
98
66
97
93
104
75
89
77
85
72
92
125
93
61
76
75
81
73
108
122
57
79
84
87
68
82
121
83
84
58
127
70
69
132
73
79
81
78
90
71
72
67
136
93
105
63
97
60
86
77
170
79
87
90
74
108
68
58
96
179
61
98
59
83
96
84
230
79
66
87
92
74
88
86
183
80
71
121
111
83
92
87
78
82
104
106
104
71
66
107
66
67
74
85
85
68
71
78
72
58
103
70
68
85
98
74
77
79
132
65
98
118
94
78
76
86
92
106
123
107
89
77
77
72
92
146
77
161
90
90
90
60
127
92
103
224
102
75
112
88
125
81
61
82
77
87
109
72
92
97
94
91
77
57
94
73
93
70
70
101
142
71
97
91
79
64
69
58
90
90
99
89
81
90
67
61
76
90
73
97
61
121
96
85
108
83
88
105
68
77
65
87
79
110
85
85
86
86
77
76
60
97
79
83
80
69
90
76
103
69
77
90
71
95
71
93
73
86
79
95
71
110
62
270
121
73
155
106
71
79
67
70
168
68
100
71
84
66
128
71
95
77
64
71
70
81
85
98
91
85
71
110
76
79
108
112
133
122
73
100
93
75
74
88
67
84
70
66
94
120
71
90
115
123
91
87
76
154
74
82
66
78
83
95
113
109
85
113
124
83
99
72
72
80
121
92
102
81
74
113
99
101
66
60
99
90
120
70
109
141
131
76
76
101
81
89
104
81
90
61
81
79
77
64
94
91
75
68
167
82
69
116
90
66
129
74
127
83
73
74
60
80
86
131
119
89
96
74
70
82
81
95
77
87
81
84
75
68
94
93
101
74
62
107
120
60
120
64
71
70
76
86
87
72
77
79
77
118
131
96
88
86
76
71
80
113
123
68
81
