373
241
279
330
207
292
208
369
453
285
298
379
332
244
300
261
301
246
374
487
350
289
193
242
209
381
309
298
356
469
249
463
666
518
307
203
329
284
358
304
281
263
327
346
279
280
205
283
262
198
270
215
285
450
252
478
424
240
421
257
396
312
260
601
439
208
410
240
310
438
190
523
253
575
311
461
271
274
290
243
215
799
352
271
228
315
341
589
377
302
343
241
257
230
278
294
448
377
275
260
288
261
322
439
278
261
288
194
345
260
265
371
387
462
307
327
308
283
276
275
306
560
268
267
203
451
458
345
282
278
319
299
254
302
633
232
303
178
204
258
303
445
309
412
425
283
231
338
315
232
305
401
302
293
260
419
456
229
369
406
404
535
711
234
186
310
258
279
333
231
286
237
304
288
300
486
203
383
383
296
391
337
1174
301
208
265
395
363
407
355
218
352
398
278
353
291
530
295
227
469
266
503
234
673
284
309
476
216
332
217
397
413
282
192
223
278
350
312
464
276
427
372
354
310
424
320
394
437
297
304
273
363
251
220
286
379
283
346
593
431
351
332
481
493
247
224
293
245
252
236
292
250
324
337
257
307
722
206
558
327
533
466
380
452
191
262
359
387
337
278
354
400
233
278
244
459
462
301
238
463
402
715
213
309
331
262
200
407
295
398
341
333
393
353
284
398
293
276
234
249
406
300
576
249
299
368
275
280
274
328
283
305
378
267
180
469
487
334
234
275
305
351
451
307
269
437
365
251
256
305
319
328
391
333
329
221
250
273
246
215
338
337
335
342
302
178
407
233
422
257
345
334
509
272
485
280
266
296
415
216
226
328
253
660
431
341
322
358
726
603
392
391
226
278
403
279
198
350
419
505
270
246
176
311
339
431
288
333
256
353
315
323
238
251
310
214
405
247
477
264
193
352
207
281
520
234
482
232
294
210
273
387
378
351
259
163
498
269
375
376
344
313
257
215
410
576
273
301
308
273
212
320
242
323
259
420
297
329
291
305
487
292
563
356
363
469
293
319
308
308
205
298
251
385
283
397
686
732
474
479
667
203
265
475
293
255
465
376
270
334
303
325
266
459
339
262
342
296
339
281
279
280
334
334
243
340
272
284
249
469
246
341
239
345
247
548
267
310
636
262
234
300
285
340
224
215
339
406
228
717
214
357
517
381
215
269
582
249
268
274
364
300
412
306
415
204
341
278
331
641
306
479
