88
97
81
62
172
91
122
106
97
99
108
76
144
79
162
131
109
85
72
97
104
147
84
133
62
64
67
96
65
111
68
85
74
95
85
79
74
99
101
85
67
78
82
80
108
102
67
97
99
112
88
108
63
73
98
63
103
92
112
83
82
64
179
114
70
72
68
77
68
83
97
79
77
79
91
112
96
67
103
124
138
67
73
89
100
88
72
95
102
81
88
240
98
97
90
74
77
76
98
94
104
172
87
75
89
82
77
103
68
87
101
73
75
56
111
90
64
68
82
95
76
78
96
89
67
88
73
89
107
100
84
67
91
80
83
75
117
57
96
204
99
148
115
90
72
80
74
83
87
75
61
67
87
74
104
89
79
89
65
81
95
83
82
67
87
117
101
90
103
116
70
101
80
133
118
79
85
63
82
96
86
114
119
101
74
87
69
90
72
68
63
58
86
76
101
82
86
61
67
99
83
77
86
67
87
145
83
88
89
96
84
71
92
95
71
95
65
117
93
103
57
162
88
83
69
136
63
88
95
125
82
90
90
97
85
131
80
80
86
129
73
59
143
82
75
87
77
65
89
65
76
75
77
98
70
83
76
89
99
75
91
85
73
108
82
75
92
63
89
63
77
100
183
120
144
79
84
110
79
107
81
67
94
69
78
110
67
77
80
66
99
87
83
70
75
60
78
80
89
105
65
71
72
82
112
114
93
77
133
69
67
87
116
190
69
68
84
65
95
73
81
90
83
81
121
80
81
73
85
96
65
94
86
106
167
84
68
58
92
112
72
70
75
93
72
65
108
89
68
80
80
66
54
91
89
99
153
120
119
71
89
124
121
172
102
104
79
71
67
75
77
73
64
77
92
69
84
82
143
79
74
108
124
86
64
87
112
74
83
88
73
81
75
74
70
74
95
101
99
97
86
93
113
60
90
68
66
80
85
100
72
66
92
80
87
71
84
73
84
69
98
89
83
101
93
94
151
67
88
79
98
80
159
66
90
74
91
87
127
104
85
82
89
116
84
93
80
74
62
153
71
87
96
78
81
100
103
64
81
142
128
163
68
89
98
132
79
114
97
78
96
81
102
70
78
119
93
66
65
71
74
94
62
77
76
73
66
143
75
83
68
76
70
82
100
143
79
73
158
86
76
67
72
80
116
96
96
71
78
90
70
85
71
72
105
109
94
68
126
169
66
67
94
113
134
67
85
113
87
65
91
75
85
93
66
93
67
96
99
131
72
89
119
98
66
97
72
75
117
88
72
95
69
82
124
89
77
71
82
81
69
103
90
97
62
84
103
110
83
66
96
87
103
110
129
93
80
62
125
92
70
81
132
110
144
79
111
91
95
73
92
82
96
84
84
79
103
287
95
65
63
107
103
98
57
83
97
66
70
85
103
100
90
71
76
79
83
96
132
115
126
59
68
77
127
73
88
93
105
112
96
107
139
65
87
68
106
85
171
71
126
221
109
98
78
79
79
152
74
96
74
80
57
68
94
103
71
88
74
100
92
105
74
85
101
90
91
74
91
88
70
103
61
75
73
84
70
82
99
88
73
101
73
118
82
68
81
91
70
69
61
101
87
96
81
59
76
163
112
79
131
91
89
88
87
82
77
94
95
70
90
93
93
107
94
82
114
100
103
83
70
68
87
107
83
82
88
81
83
151
93
99
105
105
76
55
91
104
80
85
66
56
97
70
86
96
74
78
85
65
95
69
182
81
104
80
83
68
70
115
113
91
115
85
106
64
73
66
70
62
83
116
72
91
86
97
81
60
189
94
67
75
74
142
87
76
96
102
65
70
68
83
84
97
75
102
82
89
74
71
128
98
67
67
98
78
73
94
65
127
85
86
77
99
71
146
104
101
72
63
68
78
89
84
97
79
67
64
66
93
100
94
102
103
110
89
83
98
81
75
93
88
80
125
103
81
95
149
65
80
106
65
166
106
73
89
62
77
75
116
112
129
87
71
122
91
91
77
128
69
68
78
125
58
75
82
87
66
73
81
69
66
74
91
66
107
96
152
70
95
72
85
123
83
81
90
129
150
82
90
66
75
123
111
87
114
221
74
96
121
67
158
105
83
78
69
81
64
96
67
81
132
70
99
109
74
71
78
109
113
133
172
85
117
179
65
70
154
122
66
154
67
104
83
85
84
119
78
75
94
90
97
92
81
100
65
78
73
125
113
74
72
75
90
79
97
69
95
73
78
76
67
95
58
77
71
68
86
95
103
100
115
100
71
66
85
68
91
177
63
80
94
73
115
68
100
74
90
118
81
114
57
67
79
79
92
69
102
67
72
88
102
84
124
66
114
63
81
101
98
111
83
72
92
70
87
97
96
113
66
95
105
73
156
190
82
81
84
77
66
61
71
76
88
101
64
67
76
85
109
76
77
71
116
77
110
71
67
86
87
129
92
82
60
114
115
80
83
69
73
81
161
62
78
77
97
63
90
81
70
67
72
117
115
60
73
83
90
122
78
75
93
71
86
69
68
89
68
102
75
78
53
83
75
172
75
75
226
133
120
67
82
78
78
72
93
78
73
81
79
90
85
110
96
77
106
140
77
115
79
65
93
143
96
90
61
76
82
77
85
72
124
188
73
114
73
81
77
65
80
68
155
81
159
79
70
59
90
89
78
85
92
92
94
76
94
99
73
67
82
128
89
140
91
83
61
72
84
74
79
149
78
72
70
72
82
99
102
96
116
92
66
58
158
60
78
99
77
85
74
75
68
79
72
83
177
89
80
72
62
94
84
85
81
80
59
70
98
84
87
78
76
73
69
79
67
88
86
73
98
71
91
90
72
64
80
118
100
66
84
83
65
102
106
82
61
120
99
69
84
75
66
165
77
94
90
87
95
84
81
111
104
79
73
75
112
93
76
67
104
108
92
80
77
95
109
80
82
127
98
79
82
143
66
65
88
101
71
76
105
89
90
64
80
100
83
104
70
76
93
111
71
121
97
127
137
83
88
97
107
91
66
90
121
80
74
93
94
60
80
74
66
126
72
160
187
108
145
101
103
82
95
95
80
120
63
95
78
78
97
89
88
95
71
85
97
82
73
78
80
109
61
94
74
127
70
71
81
89
68
94
65
108
95
141
76
83
85
68
60
68
167
92
74
89
107
113
91
118
112
83
98
78
86
82
63
75
108
105
94
79
95
80
95
72
74
80
72
118
81
68
86
93
72
87
96
82
82
79
67
155
80
82
67
83
100
108
72
77
111
60
118
102
71
126
75
101
79
133
121
101
73
68
82
77
106
83
72
85
87
139
70
105
83
125
82
76
72
87
89
101
89
78
58
103
81
75
178
80
73
206
73
122
79
94
129
162
134
103
69
98
102
78
84
86
116
73
130
76
62
70
159
116
87
116
71
78
86
69
100
82
68
98
108
80
100
102
93
69
94
101
85
119
104
76
58
75
62
170
96
73
109
108
69
78
118
64
79
72
102
128
77
73
80
89
75
71
99
66
83
72
62
110
104
91
87
85
96
121
93
89
76
77
115
64
104
93
