2123
561
661
2586
827
1116
1621
2380
1128
939
1825
1246
1754
1784
985
1497
2297
2119
2781
711
1664
1177
2428
643
1968
1105
1057
640
1858
2446
1359
1245
1614
952
1062
2339
2081
1523
915
1266
1642
1160
1274
2399
1033
1713
1354
1079
2641
1375
906
1080
1642
1296
944
710
1285
1109
1391
1001
1219
855
2750
746
1538
1658
2401
2249
1222
869
2605
1027
1278
831
2382
1134
656
795
2094
1422
869
1021
2058
812
1072
1298
1580
2932
879
1622
878
2734
2392
1467
1886
1645
1049
2165
1405
1339
1318
775
2588
1185
2500
702
1067
902
1330
1314
898
905
1463
1545
1329
911
971
829
914
855
1010
1776
1009
892
1088
1065
2296
1252
1044
963
1051
1498
2364
1406
1504
1052
881
1149
1066
2007
1504
2539
627
2335
1160
924
1288
1239
2082
1143
1857
1017
1109
1188
1131
1744
1476
1626
1417
655
1073
984
995
1148
1475
1551
918
1625
1339
1072
1427
2750
928
1283
1102
1507
1544
1121
1857
1657
1005
1329
1190
771
1951
1196
2158
972
1421
1284
1930
1054
1735
1872
993
920
1006
1275
1806
707
1531
1286
1147
1135
1062
1121
1489
942
1011
1858
2674
626
1449
1358
720
1342
1708
973
1489
1503
1371
2215
1435
1637
838
835
2076
1865
1011
1279
2086
1181
1488
2115
1099
1361
1107
720
2271
1319
1054
1076
1108
587
2006
775
924
1140
979
1372
799
1983
1112
704
1300
678
793
2434
756
1943
1100
1045
1118
1626
1680
1053
1165
934
1807
1553
2318
898
1400
2123
812
849
906
2814
1654
1666
1868
2149
1008
826
868
857
740
1571
1092
934
951
1522
2165
1277
1308
1495
1609
2597
1591
982
1007
2081
1805
2092
1876
849
1832
2421
1747
1912
746
1842
1607
862
1125
1070
900
1031
830
1166
1477
1909
1773
1735
887
1268
1047
2250
1080
853
844
1488
1107
1427
1181
1001
954
1600
998
1605
1022
1904
1605
1151
968
549
2122
1225
710
893
1661
1490
961
1019
1252
1211
611
1371
1314
1077
1452
823
1579
1092
1698
1519
1429
1585
1792
826
1363
1498
1080
895
1610
2105
2251
1403
1377
1677
1797
1284
1722
1848
1805
703
1307
1738
1772
720
983
1297
2070
876
1137
1764
728
1127
1525
1134
1730
1021
1111
678
810
1807
1094
806
1261
1286
803
1427
1001
1323
669
1126
1008
2186
2152
854
977
1477
1147
1435
1024
1041
668
2124
959
1334
2201
1940
1551
1531
871
2535
1617
2003
1106
1443
810
842
1129
1079
2629
835
2149
1507
2220
1381
1269
785
944
2846
817
804
882
830
943
1437
2138
1263
1534
678
1492
1450
772
1128
795
912
1593
858
2702
2746
671
1398
939
1371
2031
1409
1303
1568
1177
1995
710
983
2924
1775
1696
862
769
1133
1860
746
1248
2506
758
1425
1533
763
2044
1102
1647
1246
2754
2477
1039
1042
1142
745
842
1626
1109
1244
1820
974
2688
1600
1316
847
675
765
1292
855
1543
677
1634
658
1046
848
1414
1566
1453
969
849
1249
1670
889
1060
864
957
2931
1396
1188
914
1524
1282
1177
1170
1026
2849
755
1080
996
1775
656
1172
1087
774
1514
1240
1548
1448
2061
1881
1065
962
1351
1518
962
1347
1367
1439
1152
2299
1501
1192
949
853
1933
1265
1599
1049
1396
1128
1962
1754
1361
1879
2491
2534
1701
1546
1586
742
1446
2495
912
1079
1189
991
1057
1659
758
1110
1499
594
1876
1963
2018
987
1058
1215
718
1021
1644
2086
2250
1001
1182
929
1477
1826
863
1096
551
1250
1020
2585
1781
1453
1390
2083
1153
905
661
949
1293
1682
1066
1544
1161
1130
1629
2459
903
2577
1529
699
689
1216
1387
881
885
721
1617
1598
1723
1530
939
1284
1151
1220
767
1165
1591
1188
1125
1055
777
2076
1329
1208
1211
1569
1152
1475
1888
1482
1141
1631
1008
1341
1189
1179
1215
2386
1943
837
776
711
780
1641
2684
1400
1280
1589
2756
1569
1841
646
1770
1887
1833
2261
1569
1423
1101
853
1071
1943
1143
1155
2232
2204
745
1239
876
1392
876
941
1438
2219
1141
1287
896
1036
1823
1338
2886
1211
1019
1308
1430
830
2143
1907
1370
743
969
1841
2880
1126
880
1017
2120
987
689
1280
2063
1134
1041
998
1814
2098
700
1003
850
868
1497
1653
1407
895
663
982
960
962
1093
1990
1254
1044
1676
592
1493
1087
1565
1732
1446
1171
853
1018
1330
1558
987
2456
586
824
1524
806
1352
1315
946
1250
881
1909
1999
811
896
933
1339
1614
1522
792
1918
922
1013
1323
1324
1565
974
829
1812
878
1725
1421
1125
1243
804
723
1656
1946
1334
2225
1601
698
1349
1107
1321
1125
759
1235
771
1422
1278
869
1025
1247
2140
665
841
1434
1530
2099
2012
807
1751
998
1112
1989
2672
1668
2010
1573
2182
911
698
964
1004
1963
1294
926
1227
1518
2103
694
2838
1329
1197
2371
1854
806
845
1408
1129
896
987
2283
1994
1417
1803
750
2203
838
1013
2640
1976
1690
1161
1655
1593
1596
1028
635
460
957
1514
1934
1460
823
1709
1058
1603
944
1374
1014
574
936
1976
973
589
583
2261
900
1061
1183
1633
961
1365
2208
1274
1217
842
1248
1862
1025
2843
2975
626
784
1679
949
1122
801
2463
1272
677
1925
2740
783
2880
1121
1370
2065
1982
1552
2235
599
1097
942
1007
2069
1079
1112
1021
1880
1624
1316
1280
1293
2378
2151
1473
617
1968
1177
1343
1283
948
701
501
2331
1353
2642
1429
2618
2589
1029
2652
2396
897
1691
1762
1365
1922
1170
928
864
1785
1057
1240
1358
1144
591
654
821
941
2181
926
1374
2951
2360
581
1224
1168
1566
784
938
712
1437
1404
1647
1312
2628
933
1644
1212
2495
1867
989
923
1640
1449
2294
751
1564
898
1583
2185
1381
1726
1215
532
1247
1148
846
1041
1464
788
1550
1049
2543
1832
1253
686
1401
2353
1090
1255
1372
1620
1627
942
1161
2157
750
1079
915
1317
1034
1600
1448
1459
2225
1399
1959
742
1400
707
928
1748
2073
1240
966
2843
1026
1306
1913
785
1463
2126
1397
1474
871
1163
1575
1246
849
1018
985
669
2953
1179
1510
976
1611
851
1540
1639
1773
2271
934
1590
1612
818
1659
2239
1285
1820
1339
1308
847
1311
1108
1303
1032
993
1142
1357
1476
1740
1164
938
1427
1997
1610
1707
1444
2565
857
1754
1046
801
1060
1806
1168
2088
1198
809
2267
1850
617
1448
1235
1427
1074
1290
776
1263
1592
799
835
2965
2132
1558
1513
1372
1173
936
805
1074
1843
936
2603
823
1087
1839
1238
1982
1851
1667
1000
1035
1112
1698
1483
1611
729
1610
931
1051
1053
1502
952
645
1532
738
2960
1235
981
839
1573
1668
1102
1685
2488
841
2420
2335
1959
2144
1320
2158
1307
2036
1165
1513
1311
963
1936
1022
625
1153
1643
1769
713
1977
1268
1229
1896
874
1099
2334
1935
1245
1143
850
876
1943
829
1272
1136
876
1054
787
2809
1092
1118
1063
1595
1816
2348
1035
1054
1566
972
1182
836
1273
754
2523
1657
841
1052
1678
1316
576
2322
965
1157
986
1303
1194
1280
2221
1539
944
1247
1099
1182
761
1309
1801
1094
910
1167
1460
2270
1076
990
720
1342
1203
1133
1744
863
987
749
1097
1674
1095
1053
1442
1220
2491
1107
579
1075
1295
954
826
951
946
1367
1993
1162
1456
1349
1105
1331
1161
641
1077
2680
2553
1039
2522
1758
2442
1694
1255
836
2513
1396
1534
1153
3336
633
2156
1786
2141
1978
414
672
602
921
1230
1109
1719
1067
923
1926
916
1206
1548
2721
1738
1537
2181
2277
2162
1114
1049
2063
2215
1099
1345
1048
1622
1129
1222
1135
1335
607
2094
774
1114
1555
720
1431
1056
1454
883
2628
1137
1359
1163
1755
1260
1686
1037
1310
2114
1563
765
1110
1990
1349
1367
1179
815
1845
1090
1000
1113
1096
1264
1334
1339
869
2096
665
2660
1082
535
586
491
1166
1148
918
1209
2129
849
699
1100
749
877
879
1238
1881
933
1091
498
921
1292
747
1244
1361
849
1691
764
1574
1667
1313
821
2399
724
899
2008
1026
1716
1762
683
1569
2155
2077
733
1262
780
912
896
803
814
1722
1362
781
2641
1991
1141
1310
1878
1606
1300
881
1034
1037
1552
666
823
906
1668
2250
2685
827
1104
782
819
852
675
1076
2620
875
1463
1511
993
673
1156
1041
1250
2585
1513
584
1320
2541
1362
1322
1164
1470
1903
1051
1959
1292
1080
1117
1852
1465
1422
1339
1195
1335
1234
2575
892
2063
740
1614
703
1191
683
1503
1139
1432
1300
2530
1556
2546
1417
1048
1751
1100
1655
1671
1195
2484
1095
1667
687
1143
719
2217
1459
899
1048
1117
2328
955
961
1193
1330
1322
1085
629
1535
1664
882
615
1098
1050
1653
1734
1965
1510
1168
1261
1195
2336
1801
1059
1321
1676
1737
1284
882
2210
3073
962
780
1781
1214
617
2446
1285
929
1091
2010
2721
2651
3106
1581
1710
1228
1010
908
918
1155
755
1559
1248
1123
842
2490
3467
1418
848
1333
2173
1031
868
1470
1271
865
2289
1103
1067
935
1086
2130
939
1174
1863
2482
1606
981
1159
1269
1086
1043
1243
1525
692
791
2160
1199
1425
1772
2543
2148
1539
1406
1016
1303
1876
860
2084
917
1561
2164
1022
1226
2021
1852
2378
859
1063
1515
1273
879
743
1559
2042
1924
843
926
2081
928
1022
1470
994
1000
1255
432
1803
1984
1051
1131
2172
1491
1010
889
848
1409
1091
1345
2562
1300
992
870
900
1329
1719
1143
1457
719
2670
1513
1445
1769
1756
1395
1327
606
1009
756
889
1280
2810
866
1693
665
1702
2180
1374
1129
2233
854
1394
2013
2543
1157
961
1928
946
1109
1015
645
763
909
861
1306
2048
694
2232
1813
1273
889
1186
768
2864
1780
855
1270
1161
1771
1654
857
1621
1571
1538
930
2576
1389
959
944
623
1302
1555
1806
1031
1518
2721
1915
2622
1122
1709
1615
996
643
1011
1538
1343
1021
1000
1936
2026
1525
777
600
2804
822
861
888
908
1024
2803
654
1115
1191
1416
1507
1028
1658
1341
1356
1580
951
1811
2307
985
730
2177
1758
1303
3980
1845
958
1360
986
762
1356
848
1032
1187
1263
1327
1637
2106
1605
1821
2121
1499
1569
1283
1208
1541
712
1332
1189
896
1305
2045
2734
1154
3094
2292
1918
972
924
725
826
1453
1160
1094
2444
1712
1982
1477
1209
1033
2241
1235
1916
2487
828
1455
874
1816
1040
2386
932
1200
1483
1257
1437
1884
832
1910
981
922
2328
960
2708
799
864
1322
1263
776
695
1361
1236
880
1678
2009
2700
973
1286
1518
1045
796
2835
2227
1338
917
2049
888
2072
1020
1144
1324
1020
2865
2603
599
1337
1981
1708
883
830
1481
1198
1716
2341
956
1361
1479
1171
1263
1433
1231
1421
1070
907
2091
1291
1727
1080
1265
995
1362
1277
1718
990
854
1849
1218
1712
1648
2039
2660
1962
1652
1218
852
1825
865
1349
2635
1077
628
2285
2018
1566
1357
1812
831
1515
1102
1255
1634
1176
1860
1544
2329
973
1645
2355
1474
704
1880
915
1858
3811
941
737
782
890
793
2096
2098
767
1440
876
1172
2290
1105
2543
1601
1339
2529
936
1165
1703
1711
1692
1659
2191
853
1987
1204
2778
843
2283
1656
1122
871
1788
1323
1673
1269
2534
898
766
1318
945
942
1609
883
2376
1660
2978
2147
1757
1091
1303
1787
1477
637
1035
2436
829
1258
927
2204
793
827
847
1725
1481
777
563
1735
1764
965
719
1544
845
854
906
735
1919
720
713
1387
1670
1527
1034
1103
901
1664
2779
2929
2674
1966
840
1959
784
737
1785
1638
1920
1788
1585
1279
1634
895
838
1917
1824
893
713
2414
937
768
897
1051
1623
1013
532
1878
1309
1534
1269
2618
1536
1188
1305
826
1850
642
1520
731
1455
2447
1391
1481
1929
2000
1508
1653
2190
1081
2425
1792
1550
1847
1160
1911
1251
1059
1859
1133
1318
628
1158
888
1578
725
1074
2445
1778
2658
1219
1042
1339
908
1110
1656
678
1101
935
2510
1270
1603
2118
1159
1269
2079
827
781
1070
921
1472
1399
1612
1922
2635
996
2245
1246
1305
1769
1752
981
1853
866
2008
1017
1230
2036
2787
908
1666
1760
1495
1632
729
1727
1199
1538
1072
1323
1362
754
1457
2783
900
1133
785
689
962
1130
1156
1223
847
1208
1090
1185
1626
2165
1380
1768
1162
720
1104
3012
2321
1448
1006
1485
868
1115
1132
1395
1669
528
1022
679
730
733
1838
1717
913
1344
979
1906
2020
1127
1935
1173
836
1597
785
961
859
1008
1023
1984
995
2438
1254
1483
1272
996
2109
1019
1744
1105
1803
1025
2843
823
590
1114
1955
2179
1037
2350
671
1279
1189
1092
1072
1025
2012
1497
680
1619
1200
1865
1611
1018
1073
1679
1012
1413
783
1604
1092
1217
2070
1400
1943
934
2478
1884
1147
2010
952
2421
2704
1234
1874
1104
1598
1030
1334
2300
2106
2070
1345
1630
2387
2636
1019
1726
1535
1131
2005
761
1522
832
781
1251
