366
329
263
347
436
239
336
357
331
404
519
322
409
376
445
637
312
313
201
356
358
422
374
391
231
256
429
236
246
340
347
330
235
490
347
231
495
265
311
279
311
327
451
301
1028
385
432
291
404
473
305
240
278
203
458
364
288
218
546
294
389
279
360
332
285
359
281
285
343
228
231
367
235
281
566
216
313
222
375
194
350
210
282
257
285
415
292
273
264
419
334
245
568
262
217
243
370
379
327
356
336
867
312
262
315
450
326
330
391
266
278
343
351
430
298
310
252
425
721
438
302
318
340
250
332
285
312
440
370
341
365
256
269
363
417
319
384
439
486
299
277
568
379
374
243
550
460
333
243
446
455
335
399
471
313
281
309
400
229
242
499
644
252
283
267
265
327
563
430
276
233
282
346
411
239
444
368
355
255
423
195
297
404
317
358
273
379
406
233
217
312
369
247
316
360
273
320
359
414
332
206
344
281
481
323
272
608
422
637
366
365
340
240
310
430
311
519
448
347
380
399
685
327
278
301
274
422
382
245
289
246
346
455
279
519
402
254
480
267
219
274
264
270
322
358
471
273
369
383
297
276
353
304
318
369
268
328
363
367
477
413
309
569
270
291
312
285
290
333
351
341
299
315
305
287
280
414
366
350
382
370
298
295
359
295
229
380
378
290
487
522
412
319
400
257
231
283
257
277
533
427
252
246
297
397
400
262
295
518
294
252
398
279
444
246
269
300
274
590
392
262
281
247
322
334
250
235
277
438
684
592
275
274
472
302
223
335
255
256
309
421
231
345
553
349
480
294
574
331
360
278
451
436
319
380
238
529
209
255
295
432
258
327
239
272
497
268
278
307
472
375
413
347
366
296
251
342
445
294
261
289
301
266
396
637
223
376
297
472
395
291
255
336
409
324
304
397
336
357
187
320
274
365
429
565
376
246
264
336
344
490
359
468
373
284
299
391
377
302
366
387
367
372
233
369
318
241
475
279
376
508
271
660
363
240
275
406
305
331
323
568
371
349
474
358
269
409
377
278
370
299
243
524
214
479
404
319
345
276
369
279
333
243
279
843
222
363
307
301
540
301
381
302
249
331
302
405
296
266
324
652
297
305
206
374
211
341
423
249
404
298
313
318
244
304
305
307
311
198
615
262
447
279
421
298
390
213
342
255
259
271
331
412
205
359
334
305
260
304
277
346
380
236
212
241
381
369
254
237
425
655
232
324
252
327
265
298
399
219
387
232
272
232
326
447
312
360
380
285
428
234
238
346
295
469
293
334
327
283
303
397
455
304
415
313
355
449
598
358
607
244
353
599
183
220
426
369
201
810
408
332
204
556
389
397
417
269
399
295
561
299
269
291
367
297
278
276
479
386
303
261
514
245
254
302
349
367
261
437
268
385
340
287
266
305
390
256
267
317
425
346
288
373
375
288
474
360
333
378
334
256
357
235
362
440
277
304
350
233
321
244
579
252
305
333
236
391
337
337
398
235
395
361
276
502
367
280
317
296
317
247
313
275
246
466
242
325
481
286
331
300
314
307
273
274
327
217
538
266
254
217
257
192
306
310
334
224
461
301
234
360
378
328
399
298
395
320
237
369
283
416
458
319
238
394
417
508
230
548
342
277
356
439
345
308
222
281
664
480
266
252
363
229
329
316
357
248
290
283
241
249
474
247
296
340
259
283
555
452
333
235
273
264
358
342
372
214
337
376
347
290
448
355
250
345
555
399
234
268
319
342
322
327
393
259
489
376
730
414
273
306
613
224
250
348
269
369
366
295
322
377
372
205
578
298
210
290
395
381
243
256
366
265
471
248
421
251
228
821
341
621
304
435
359
203
468
425
301
385
515
378
291
455
426
258
225
287
238
301
381
241
403
393
347
416
523
344
406
446
297
248
541
293
235
265
264
367
340
261
416
379
253
298
717
353
514
562
232
263
423
227
285
377
485
354
304
339
269
390
660
178
267
336
231
262
398
335
270
295
795
326
361
490
355
266
263
319
307
222
359
326
364
194
313
301
260
294
445
513
503
270
356
278
330
277
304
317
248
254
279
394
224
277
304
328
274
405
413
238
289
582
323
368
307
377
244
375
276
392
340
437
374
277
340
337
266
450
370
415
330
267
253
318
695
756
398
772
273
351
276
286
341
342
224
256
242
264
444
337
315
369
683
277
396
250
460
262
379
278
241
304
414
427
267
301
467
491
217
289
295
373
325
338
341
435
421
259
292
290
322
401
319
354
602
219
214
321
257
401
310
312
242
319
322
268
412
274
210
611
333
300
329
262
389
265
370
347
267
385
320
322
486
254
422
362
538
351
232
461
582
284
280
450
294
346
341
271
313
245
230
414
234
349
597
578
379
306
333
292
245
236
388
432
302
604
526
457
688
387
292
389
395
240
316
376
373
436
335
280
291
342
383
359
256
264
239
453
326
237
230
296
417
287
251
290
419
287
317
404
280
266
336
363
387
346
367
503
311
341
340
428
279
323
332
302
285
574
258
225
236
361
320
374
225
655
409
331
270
398
337
280
387
373
213
388
298
450
252
624
230
401
299
459
400
420
369
213
278
302
271
373
334
273
370
284
172
322
297
581
270
237
339
386
287
380
341
260
198
215
719
530
500
195
307
275
287
361
297
317
340
355
289
322
291
321
272
259
281
214
394
272
412
299
367
527
434
613
303
283
384
243
346
485
319
353
402
548
323
386
437
338
244
266
320
280
368
303
297
383
274
363
308
311
546
544
422
217
299
343
506
269
378
233
236
249
501
593
302
519
239
286
349
373
295
317
264
221
265
651
233
355
584
451
662
349
298
284
293
317
251
345
623
339
243
191
348
292
588
179
295
265
417
248
233
336
647
294
256
407
393
906
276
513
347
403
277
338
372
235
332
369
312
415
342
309
294
436
566
281
386
342
365
353
402
228
413
261
274
301
384
382
265
186
335
288
542
314
494
320
292
322
380
347
477
350
343
241
386
247
243
374
253
516
243
271
610
346
575
342
811
408
201
260
236
592
295
316
365
342
478
432
229
532
263
335
400
413
436
283
360
449
273
265
343
336
326
340
456
299
328
605
228
343
434
378
315
482
254
328
376
279
211
229
247
407
248
417
278
291
450
222
389
579
317
288
214
255
234
283
305
320
353
310
443
321
397
295
300
311
322
445
667
324
258
266
550
298
270
390
243
435
331
544
266
288
376
263
195
330
418
237
287
237
298
439
351
414
285
367
433
303
207
288
247
654
509
420
391
320
290
385
267
323
396
436
484
258
254
324
238
374
352
294
234
498
328
206
301
352
251
251
315
287
381
654
401
377
281
274
394
304
273
258
368
343
355
228
253
281
634
348
319
453
272
224
279
266
245
244
427
482
555
276
361
278
252
343
227
317
348
297
287
265
358
212
491
387
317
767
270
220
288
385
250
276
311
344
398
291
272
228
372
333
423
412
303
335
319
261
398
323
400
272
568
300
344
332
375
669
352
262
283
361
332
308
320
352
279
289
453
424
285
427
