240
271
227
385
475
734
209
425
251
429
312
271
247
309
202
291
216
286
442
363
192
394
215
314
627
295
293
267
314
247
233
338
351
286
349
290
201
307
243
270
241
251
233
416
300
210
254
505
228
467
341
245
304
229
342
311
282
216
348
249
426
425
350
254
424
288
320
268
393
287
264
257
322
510
275
467
225
497
275
259
199
298
568
277
259
301
231
225
209
189
358
245
617
418
287
213
289
340
228
210
300
271
315
172
349
256
206
351
290
259
286
290
513
238
255
213
278
261
360
311
256
307
262
235
223
199
416
368
418
291
193
227
276
306
256
210
197
478
248
324
234
306
251
246
192
250
229
297
276
285
296
523
331
219
317
387
298
262
258
247
170
247
674
662
254
525
682
293
277
354
368
222
197
351
274
274
288
262
338
292
207
367
285
301
280
286
332
178
175
241
273
261
192
294
260
230
190
458
209
311
197
267
236
238
374
294
183
277
419
208
413
345
337
251
200
246
250
260
302
269
257
353
304
309
348
231
369
291
227
252
329
342
305
546
253
344
282
260
275
263
438
461
348
205
259
260
248
189
408
239
257
340
247
426
321
233
474
253
240
266
393
261
226
445
205
353
194
207
268
365
262
209
286
222
241
302
215
448
237
306
390
236
288
336
233
160
343
304
294
196
298
232
323
251
256
228
308
402
290
329
342
249
375
284
273
307
270
529
384
678
849
266
181
201
283
406
251
295
274
363
239
234
258
314
231
318
277
303
233
288
341
773
208
278
446
166
413
223
392
215
638
291
238
294
325
304
340
229
298
296
233
594
256
414
222
247
193
368
231
269
272
462
203
253
255
299
279
268
199
276
226
312
255
300
198
227
234
417
282
289
212
334
231
229
288
284
323
207
244
317
217
220
205
204
259
221
300
246
242
196
312
234
344
232
247
240
271
394
302
233
312
245
420
287
463
265
303
271
314
296
228
442
261
320
319
264
295
397
475
349
546
224
248
390
265
238
210
337
399
369
299
220
291
370
276
246
267
295
349
252
221
278
288
422
176
242
238
302
363
244
376
306
268
207
222
333
199
194
222
658
292
291
422
313
369
344
312
681
224
228
270
249
245
254
244
207
322
207
240
272
303
288
211
235
338
189
231
249
253
438
412
250
296
321
363
315
190
373
224
389
249
314
321
217
371
298
276
310
299
293
224
273
301
285
301
293
363
293
337
400
301
319
301
302
272
343
326
378
633
517
268
300
335
219
258
203
256
543
233
293
342
282
252
239
352
247
249
218
224
323
757
291
277
376
266
257
242
293
237
444
301
231
225
205
232
265
465
223
277
295
400
195
276
326
298
423
255
241
225
721
336
264
430
329
288
250
289
180
226
173
354
357
568
396
228
308
396
232
286
398
248
222
246
191
318
272
281
362
240
199
316
260
196
265
285
319
240
284
306
249
202
247
246
309
224
253
426
264
406
286
264
232
206
238
258
286
204
315
288
218
209
391
274
299
581
280
302
316
264
311
304
222
227
330
435
235
286
530
218
560
280
199
356
372
225
264
298
283
368
527
173
280
346
210
384
212
328
232
477
304
288
442
228
347
187
330
315
270
266
434
306
314
507
263
234
305
292
408
408
309
232
221
348
347
234
400
683
227
264
332
239
295
172
219
358
315
232
225
300
443
385
219
236
215
244
289
342
199
240
485
259
300
494
265
229
230
321
302
370
458
380
303
461
419
447
192
252
238
206
249
226
261
455
225
271
408
542
243
253
212
233
270
259
300
293
420
276
208
205
207
315
253
355
241
317
189
278
311
532
212
353
296
273
294
233
218
578
312
274
289
218
318
518
290
447
261
475
368
225
266
598
315
267
272
223
330
247
251
242
376
357
203
246
201
496
383
324
233
224
360
395
323
182
225
331
534
182
528
375
273
255
255
250
379
259
252
239
277
203
255
264
241
253
225
209
203
445
249
223
526
240
292
292
345
325
303
260
341
264
308
372
340
544
355
435
298
185
284
208
267
284
277
246
218
272
303
293
274
235
248
247
281
215
344
341
295
288
320
311
316
563
301
284
258
308
339
309
276
240
174
360
221
332
403
317
386
235
351
283
269
216
297
428
402
191
311
298
308
270
270
219
240
201
210
314
211
306
312
306
263
319
275
351
235
265
296
227
348
410
254
236
402
451
202
232
300
289
227
241
310
217
215
282
286
265
440
268
246
300
225
441
274
210
366
392
249
314
362
335
235
247
404
343
270
246
397
308
210
252
234
264
632
329
188
258
205
363
272
281
206
199
330
180
262
276
205
267
225
347
227
174
268
370
405
275
296
274
210
323
233
180
216
254
287
321
360
234
385
342
440
256
425
324
291
194
280
349
221
253
270
234
325
215
309
248
312
335
449
194
447
207
384
211
406
312
271
508
299
240
295
290
212
303
188
340
242
256
259
212
360
257
258
321
383
177
292
233
244
220
306
225
266
283
514
297
282
186
236
244
373
252
255
466
356
208
239
276
233
315
205
210
284
285
257
223
301
260
210
357
386
445
287
219
308
272
222
406
292
621
438
240
293
268
173
210
272
213
260
309
217
233
343
291
223
215
207
464
357
317
414
191
503
364
309
215
323
212
409
268
427
393
484
246
373
260
332
278
394
290
355
293
252
217
260
220
199
240
364
397
206
207
326
310
256
228
231
286
299
249
260
252
230
299
278
284
287
208
234
240
283
404
328
290
274
205
281
560
326
255
273
284
301
158
366
318
259
354
199
243
247
191
305
332
392
284
196
295
437
254
225
248
224
268
537
423
267
246
234
417
306
225
265
219
316
196
221
253
290
206
208
212
259
335
263
250
270
179
295
253
299
238
289
251
222
334
270
279
303
357
325
349
243
189
257
318
202
224
186
233
271
176
341
313
234
356
260
239
245
292
289
375
228
223
284
174
182
304
246
370
454
290
190
234
285
249
210
260
297
369
308
265
203
411
208
428
270
198
286
381
323
286
505
222
873
251
387
349
315
432
298
389
318
294
290
288
235
287
204
215
329
212
281
181
232
323
277
362
272
293
209
250
226
248
307
363
367
302
259
475
311
306
294
303
252
212
386
380
302
250
430
326
341
446
318
227
252
340
225
251
215
645
220
278
358
