332
394
482
473
355
302
570
346
408
259
451
443
737
330
374
477
349
292
399
225
587
376
290
899
260
356
318
381
422
370
566
477
326
528
334
253
322
619
337
609
263
420
358
370
234
464
662
459
279
242
317
546
455
271
407
572
320
469
390
257
395
372
348
553
311
414
341
638
399
318
301
402
349
244
395
428
438
524
262
225
579
384
419
465
318
249
348
387
667
343
398
476
378
330
282
544
624
400
517
507
290
278
302
431
354
472
474
390
251
280
363
424
256
251
363
219
447
330
375
340
324
453
350
412
428
316
322
276
415
340
258
320
556
404
406
640
321
351
328
430
441
545
385
438
416
466
364
380
442
380
474
377
391
349
321
342
261
504
407
316
259
463
518
385
279
283
382
266
430
276
390
386
397
429
331
346
321
393
442
379
288
230
307
363
304
293
580
294
496
268
435
304
697
460
348
550
321
508
337
571
370
211
305
408
395
261
311
535
360
397
463
329
329
642
296
431
423
431
391
264
359
406
339
517
478
314
259
393
274
326
373
394
511
549
399
546
472
428
341
388
643
464
562
538
451
601
315
277
395
511
408
321
462
815
293
333
333
344
347
312
521
332
248
583
199
328
392
316
420
808
620
256
314
300
559
375
336
344
228
424
255
401
389
396
450
268
398
267
368
350
815
369
573
378
295
446
349
304
384
427
480
427
892
419
248
303
316
317
376
324
324
368
286
636
311
710
484
415
301
366
344
364
441
445
275
305
349
287
309
549
328
249
321
296
495
433
609
351
513
258
315
485
687
372
497
471
243
329
392
486
530
293
351
323
270
555
364
486
535
437
360
447
587
565
329
313
292
292
334
506
543
485
280
293
350
328
294
302
372
414
358
359
602
390
333
266
587
555
295
279
272
270
324
336
467
329
436
418
326
349
306
422
440
267
783
298
298
501
383
402
395
306
354
348
510
314
401
878
639
313
387
384
311
336
366
482
342
332
324
342
447
447
601
422
327
467
311
517
274
264
219
234
257
221
298
339
371
385
325
781
282
383
701
382
346
331
331
273
387
297
266
378
574
326
440
380
416
390
449
369
440
286
282
493
376
401
437
574
382
637
366
480
436
392
617
342
323
545
330
376
522
408
472
342
314
594
464
366
320
562
270
278
429
501
376
339
526
368
321
334
323
313
328
218
526
358
427
424
348
718
323
249
435
488
286
252
363
428
354
323
406
297
335
591
485
496
590
662
468
319
597
345
396
613
424
555
457
337
347
266
325
651
281
619
325
291
471
299
502
337
653
441
281
259
295
304
319
222
429
456
423
375
330
244
369
484
449
458
360
514
231
415
487
275
321
582
1013
383
363
518
321
339
480
362
358
326
346
433
385
260
519
434
488
277
496
412
358
632
269
350
391
713
276
384
308
393
345
280
467
368
429
287
308
292
343
322
310
478
379
305
425
352
396
564
307
711
455
524
384
270
457
319
294
396
415
295
252
379
691
320
551
472
349
374
378
336
576
323
451
391
422
1273
269
264
824
333
382
350
318
528
375
353
374
553
220
323
723
322
395
361
442
287
274
291
284
280
381
313
430
248
269
592
500
328
434
706
481
429
391
333
343
433
472
539
541
249
460
430
473
407
416
432
455
346
574
425
303
442
360
339
587
423
340
388
649
310
476
243
410
427
383
285
277
310
568
228
384
245
250
413
418
355
323
322
737
263
412
310
746
456
438
470
335
480
514
286
422
284
302
366
474
611
394
448
577
371
258
238
401
359
280
370
316
429
474
368
428
589
323
292
531
455
269
311
391
453
250
682
320
570
269
450
396
548
276
376
293
368
539
422
396
364
663
416
416
283
328
484
654
294
462
485
582
251
410
271
308
533
327
372
329
564
330
388
882
417
536
412
285
523
356
473
378
345
389
537
604
370
380
324
512
497
511
407
487
249
348
446
367
317
316
413
316
307
299
304
371
280
413
409
600
321
199
266
297
304
420
262
417
312
629
249
302
423
390
389
365
244
557
296
585
316
393
705
343
406
249
450
334
342
441
364
509
463
415
354
411
327
403
442
472
458
456
386
450
321
351
324
326
446
243
292
340
220
290
511
338
314
331
453
285
456
494
314
453
363
291
348
327
482
327
301
241
356
210
575
529
663
304
285
240
684
542
443
527
531
532
310
236
468
203
300
394
396
883
393
280
421
303
370
269
412
528
929
399
397
408
348
314
352
352
277
407
532
293
305
335
430
316
288
493
507
276
353
372
378
385
367
335
466
342
277
512
286
301
292
379
514
329
306
277
324
275
393
371
312
253
351
605
545
324
411
412
560
340
348
537
364
419
377
438
686
335
357
429
305
404
306
327
324
386
294
598
287
437
454
501
288
332
405
466
347
339
387
343
308
318
290
372
330
262
541
322
293
565
346
343
292
321
426
530
574
489
277
348
545
396
248
469
386
510
224
325
421
543
948
348
458
358
489
423
343
653
328
341
337
387
293
383
555
442
407
474
338
285
369
501
638
298
344
336
397
374
435
386
266
495
362
498
372
298
370
367
333
405
552
445
264
393
315
257
356
470
401
280
281
352
422
381
311
379
462
294
383
316
245
555
487
373
317
497
484
404
369
421
329
346
339
376
281
366
362
284
290
385
336
391
380
544
557
296
374
491
580
265
350
341
390
367
369
335
465
268
409
275
240
361
459
340
418
370
411
315
434
393
348
273
460
378
285
505
214
627
343
333
455
314
450
314
376
599
403
327
344
305
333
400
259
381
341
371
565
308
344
429
324
240
354
314
391
316
275
309
355
369
995
279
280
337
288
350
316
367
304
580
466
406
450
496
725
336
363
458
275
425
436
575
217
379
374
302
380
252
290
440
695
538
310
341
367
270
384
307
513
303
240
474
300
377
396
331
452
467
335
619
511
402
313
649
220
244
480
256
469
424
363
594
355
355
296
304
432
370
346
400
325
508
275
330
395
318
312
377
306
552
314
331
315
419
368
420
289
414
727
416
280
439
326
294
391
408
504
343
1024
347
431
342
349
300
457
403
385
340
321
229
370
357
298
248
509
232
273
362
936
313
359
269
337
394
354
321
346
383
283
318
307
409
318
305
319
357
469
262
359
374
425
330
917
440
480
311
565
397
213
508
435
313
313
337
550
247
389
452
307
291
408
339
318
656
337
448
375
704
718
648
393
386
452
321
403
302
258
404
580
357
364
358
320
459
393
472
322
656
297
510
419
339
539
330
552
394
503
398
276
263
412
513
542
282
364
386
315
409
382
1116
599
342
370
335
323
459
924
285
289
405
344
353
393
276
327
340
288
428
676
592
270
264
998
289
317
375
345
370
228
311
377
244
484
403
363
323
260
338
426
327
535
366
296
512
346
347
632
439
735
527
255
401
419
533
409
311
378
397
278
402
387
351
411
380
392
306
282
322
1148
331
311
499
426
286
333
427
356
312
411
732
353
268
342
685
482
682
291
509
315
464
317
312
396
417
441
257
226
455
418
632
273
496
446
357
550
385
392
293
458
669
479
251
407
333
372
386
364
486
476
425
276
636
265
454
873
353
350
340
668
353
276
359
258
352
271
595
306
272
481
330
340
423
312
279
312
328
454
342
244
273
282
350
397
291
252
352
489
390
366
344
309
386
426
381
450
644
321
546
436
423
910
262
315
372
281
405
353
322
527
404
324
425
320
349
393
543
560
296
336
383
331
388
245
432
312
457
417
281
540
429
383
376
432
