253
406
299
247
414
256
451
296
282
282
413
253
277
244
310
238
379
327
345
282
249
305
404
442
283
327
242
397
279
395
318
428
281
213
292
428
441
335
256
326
210
335
438
578
243
438
290
649
231
248
433
262
497
311
237
225
266
349
616
305
385
228
406
456
415
402
305
209
276
237
351
466
259
296
371
259
233
395
321
336
399
216
412
242
353
319
223
237
532
320
430
249
580
503
641
325
395
465
423
313
354
434
279
293
330
329
261
368
272
207
304
292
592
381
456
306
300
315
378
356
236
326
343
365
391
262
233
367
514
390
282
386
392
374
216
433
385
299
327
300
372
268
294
325
181
314
355
509
360
259
367
385
179
339
349
326
204
252
303
255
363
279
299
503
254
334
400
264
410
305
187
254
238
241
224
485
409
408
341
303
423
306
306
182
478
344
260
519
209
290
331
529
315
283
628
267
341
318
577
353
491
219
235
432
421
492
486
532
469
222
227
257
282
242
327
517
219
476
359
469
338
624
352
412
408
462
420
338
256
396
263
221
251
441
280
404
336
302
360
317
318
322
399
254
677
531
324
350
379
217
358
357
524
361
410
332
326
251
475
418
535
286
331
327
231
405
253
346
240
433
371
817
233
367
306
332
297
326
335
372
543
256
286
247
227
455
302
405
282
312
276
295
408
299
249
311
541
858
256
355
383
311
331
497
243
450
242
331
311
401
181
254
321
425
353
340
209
577
315
397
342
594
268
219
283
307
335
239
592
211
258
341
511
281
361
397
253
337
343
759
257
324
449
298
433
252
251
314
375
334
279
380
198
287
479
266
272
403
410
345
249
282
363
398
354
229
316
365
351
436
428
247
330
287
559
237
272
686
362
413
487
348
266
348
207
472
353
307
273
488
349
429
286
229
303
367
293
252
444
304
330
236
285
244
405
319
240
431
301
324
328
275
308
303
370
566
435
230
481
391
271
307
357
301
270
387
303
310
251
219
230
313
236
378
412
413
218
270
525
292
431
232
333
275
342
373
326
405
267
328
383
302
235
334
211
262
411
315
234
265
277
462
329
365
305
406
407
279
312
415
328
310
238
800
383
215
357
423
253
302
304
310
264
380
300
600
370
362
249
314
342
326
208
237
317
364
273
353
309
346
263
427
269
272
410
415
304
258
409
437
405
396
203
289
274
313
230
301
296
401
369
337
315
280
315
306
314
411
272
231
279
345
396
393
357
415
345
354
475
267
406
279
335
264
256
420
230
326
398
714
387
361
318
349
324
268
378
495
250
296
242
466
401
485
209
285
426
270
280
318
452
334
301
351
216
290
219
252
456
316
281
267
575
335
274
323
410
497
247
232
344
278
283
404
474
287
355
434
380
349
403
561
553
266
680
242
272
310
242
286
194
247
424
419
276
266
228
332
459
248
327
416
338
298
331
445
481
221
361
303
264
364
284
250
549
675
405
439
303
301
346
386
364
276
431
173
293
312
608
244
287
457
446
440
383
414
317
204
266
561
284
303
411
346
307
736
286
325
291
360
402
407
278
368
322
289
259
407
266
382
337
204
698
243
247
306
256
261
227
304
441
376
266
491
255
257
230
288
300
381
312
285
259
277
326
405
295
339
349
273
275
358
304
266
346
249
259
336
296
311
343
277
472
249
565
621
376
305
387
283
514
327
593
468
300
336
245
267
370
286
390
583
282
351
334
209
740
312
346
300
491
385
495
280
283
279
378
272
299
365
468
412
332
238
275
233
359
287
915
394
303
273
334
275
338
405
474
357
751
406
331
228
264
212
423
392
362
335
205
369
296
311
283
218
334
310
229
400
291
411
426
246
442
506
640
690
436
310
271
364
314
324
359
255
243
503
335
262
287
340
339
304
431
371
264
261
418
287
457
256
374
523
265
245
486
272
361
251
213
208
354
274
277
371
580
321
368
338
568
201
249
275
381
417
369
257
344
215
265
228
432
448
274
202
254
304
264
426
371
247
278
531
428
381
247
443
381
374
314
300
240
304
390
455
273
248
593
326
220
228
225
380
340
292
331
329
407
317
317
601
293
439
358
442
609
223
320
342
259
284
306
573
603
420
408
278
448
328
316
394
264
346
219
343
358
437
310
273
471
344
686
312
253
323
408
322
237
414
366
349
262
381
287
319
382
251
339
324
400
260
230
354
308
350
551
313
276
380
337
281
440
367
624
376
513
293
308
582
436
305
444
291
281
335
267
238
270
271
240
329
257
382
332
258
322
320
448
279
314
323
255
316
270
459
293
271
477
208
252
319
343
551
358
210
273
315
327
446
540
250
427
215
312
303
247
301
297
207
391
405
323
406
254
411
247
394
444
286
375
343
228
223
474
300
357
335
590
320
425
528
278
394
455
352
315
345
249
184
246
307
241
444
356
425
296
401
342
284
569
312
397
315
314
546
308
323
486
280
330
455
568
446
246
185
317
481
363
369
345
286
384
342
177
320
310
410
269
316
364
450
363
369
336
312
382
266
439
297
281
250
304
172
211
228
240
388
272
386
462
295
450
348
354
380
359
223
314
369
240
254
257
239
344
387
321
217
463
231
1306
434
359
330
305
241
273
408
285
353
370
370
287
260
278
331
323
292
243
352
415
258
372
528
307
351
264
302
280
420
350
363
492
466
317
388
353
388
250
388
392
290
300
205
360
245
249
638
369
288
287
227
208
489
313
415
490
233
432
711
377
432
412
504
257
342
252
617
452
429
378
494
520
225
240
300
322
324
348
335
374
372
242
313
427
326
392
268
273
365
657
236
206
249
258
274
307
347
233
253
248
491
210
251
266
259
283
280
392
549
323
241
239
244
272
400
561
224
218
538
292
484
353
288
221
369
285
358
356
295
351
425
548
466
470
299
238
282
443
350
275
351
287
251
550
299
480
539
294
271
296
351
417
270
280
409
353
764
267
318
458
295
661
262
212
592
300
474
280
452
252
440
272
254
379
334
277
370
261
333
851
292
269
242
263
350
367
274
667
332
450
317
293
333
456
207
731
403
229
581
273
572
405
555
357
235
332
300
376
410
433
317
259
409
538
462
482
323
263
285
254
321
475
333
603
341
298
259
404
606
284
332
229
406
951
596
417
265
410
375
519
365
358
404
315
252
270
370
648
282
290
258
202
376
306
295
416
386
245
303
249
478
256
267
412
332
340
303
308
392
311
263
345
295
304
229
297
297
213
335
205
257
298
371
425
258
229
391
291
343
267
512
380
266
341
306
330
374
421
306
296
404
336
305
176
250
199
311
362
230
296
310
333
288
530
333
401
434
329
459
558
384
297
334
361
285
485
231
