250
233
297
238
228
362
222
319
314
406
215
567
222
242
269
370
301
301
618
290
236
297
283
210
341
341
376
238
241
305
416
324
397
229
219
305
239
231
278
200
328
308
335
183
315
273
231
346
453
242
337
283
427
271
366
186
258
325
545
466
201
258
525
251
323
347
254
423
280
850
406
376
395
309
288
326
258
199
227
251
258
301
391
333
255
258
256
342
239
301
252
306
283
872
315
246
294
298
239
241
577
259
194
229
384
236
311
210
204
523
286
287
334
261
283
237
309
566
329
282
257
366
283
231
384
335
279
280
233
240
398
243
259
243
359
397
303
247
248
298
272
459
255
244
256
472
257
240
328
407
277
221
202
251
367
223
256
345
272
272
211
278
184
295
183
216
348
254
571
206
272
208
191
166
286
363
289
314
300
195
230
315
175
259
253
303
664
319
259
346
353
288
231
269
330
368
270
596
279
274
280
290
252
321
223
458
304
328
297
245
300
211
316
289
233
537
334
343
265
290
278
283
267
289
705
311
244
529
227
176
256
187
319
290
457
626
300
228
217
305
218
335
432
264
301
324
657
274
294
641
245
530
459
661
301
312
445
343
416
242
316
320
214
230
352
326
247
391
219
209
224
196
397
312
303
312
277
193
225
246
345
322
328
194
302
250
209
205
200
263
281
207
343
314
248
375
242
327
314
506
279
347
563
683
239
272
230
487
255
207
373
241
413
268
268
292
182
230
284
351
309
220
369
279
313
295
332
440
303
266
344
335
273
474
252
289
239
282
256
230
296
209
257
280
362
271
207
362
504
208
257
486
498
381
249
256
304
203
303
321
267
272
192
319
283
241
291
224
370
305
351
306
262
331
295
474
478
226
277
240
242
243
256
335
228
259
373
262
243
329
199
277
242
288
253
534
251
176
325
388
270
284
222
388
188
279
230
303
193
501
231
470
400
255
383
255
270
322
323
287
298
257
426
243
344
248
219
264
539
316
316
354
240
356
218
282
309
358
306
200
250
306
350
184
199
214
396
262
256
258
323
231
311
183
290
243
263
386
316
193
368
398
292
222
360
264
233
242
556
274
347
377
215
416
265
474
329
227
282
320
236
230
206
219
184
222
222
453
209
335
201
242
305
259
239
230
287
206
280
261
326
296
341
230
296
309
279
253
602
412
176
389
323
271
279
243
283
275
505
222
161
281
344
238
336
366
380
366
283
218
265
265
257
256
334
232
238
337
247
342
286
343
308
298
371
279
242
237
355
288
273
379
257
300
402
234
242
351
241
320
194
253
328
231
456
237
390
307
517
273
258
425
262
290
355
241
297
271
246
296
252
261
360
422
251
344
304
213
218
246
284
243
351
219
511
267
271
293
247
369
242
279
283
234
275
400
225
238
235
272
222
499
317
173
223
271
357
264
453
200
395
219
521
391
194
278
261
377
300
251
226
220
331
289
272
406
201
264
327
278
192
310
191
254
207
390
293
227
391
402
526
334
391
246
349
280
275
167
512
259
316
483
238
196
200
277
243
381
305
259
367
249
244
331
201
255
178
197
315
260
273
459
286
284
253
325
318
492
259
296
303
244
232
294
332
338
361
436
262
639
452
272
271
406
246
247
371
310
202
211
259
309
359
286
321
269
338
269
440
247
201
267
306
261
389
388
259
359
252
315
218
324
397
378
297
396
384
284
508
194
235
235
335
289
259
201
276
226
385
282
482
289
253
371
228
306
433
268
280
184
285
230
248
262
325
331
295
274
216
320
275
255
208
273
271
374
466
236
234
238
288
244
237
297
337
229
344
263
253
239
212
240
299
212
266
280
326
275
325
231
354
360
198
270
220
162
282
324
322
308
304
204
311
280
388
380
391
410
446
283
187
206
420
310
188
286
233
210
221
245
300
371
365
378
231
451
203
272
322
344
231
251
513
225
288
337
311
241
266
253
510
278
367
343
282
214
396
552
286
450
201
208
281
207
257
339
461
284
350
338
381
314
315
572
285
586
215
292
346
275
235
298
355
335
296
235
297
291
282
267
284
251
272
281
196
236
177
290
214
277
272
287
288
261
234
367
291
322
209
392
304
225
236
408
262
248
498
254
196
253
296
284
649
209
312
295
232
251
312
278
332
235
678
273
195
350
671
186
340
290
312
226
224
268
270
233
398
388
275
378
412
384
467
235
179
366
586
185
190
338
236
220
318
215
220
255
320
181
266
237
659
248
385
240
526
372
208
440
303
311
289
245
483
345
283
330
304
460
218
275
233
209
305
225
298
391
364
231
250
258
300
371
397
376
233
283
235
216
445
300
356
320
183
232
392
448
265
203
285
244
288
290
229
219
267
294
332
288
323
330
225
216
397
272
227
249
240
322
249
229
299
261
305
253
407
373
476
621
272
468
309
192
348
232
263
265
258
385
357
266
424
178
185
273
285
382
409
197
312
343
276
339
483
247
282
277
180
231
244
304
268
716
335
351
256
246
364
292
265
271
262
470
648
514
243
537
317
273
172
656
316
377
268
267
384
471
210
212
291
201
236
222
214
337
223
457
325
206
285
235
465
414
243
435
201
287
292
187
396
306
217
409
260
287
326
471
262
314
320
245
348
578
198
313
283
432
491
326
242
403
472
239
514
196
270
215
258
264
385
247
285
198
351
210
267
227
548
239
243
279
233
335
304
305
300
239
538
315
327
181
230
432
253
302
175
847
214
228
260
340
338
330
297
218
215
251
329
183
224
304
291
334
307
270
