90.0990099009901
86.13861386138613
93.06930693069307
94.05940594059406
84.15841584158416
96.03960396039604
93.06930693069307
88.11881188118812
79.20792079207921
93.06930693069307
94.05940594059406
89.10891089108911
76.23762376237623
89.10891089108911
77.22772277227723
80.1980198019802
84.15841584158416
77.22772277227723
83.16831683168317
93.06930693069307
92.07920792079207
83.16831683168317
84.15841584158416
90.0990099009901
90.0990099009901
91.08910891089108
94.05940594059406
89.10891089108911
94.05940594059406
82.17821782178218
90.0990099009901
95.04950495049505
97.02970297029702
88.11881188118812
82.17821782178218
97.02970297029702
80.1980198019802
99.00990099009901
82.17821782178218
83.16831683168317
90.0990099009901
81.18811881188118
85.14851485148515
81.18811881188118
