37.27272727272727
41.81818181818182
31.818181818181817
35.45454545454545
41.81818181818182
38.18181818181818
43.63636363636363
45.45454545454545
60.0
62.72727272727273
58.18181818181818
54.54545454545455
36.36363636363637
38.18181818181818
50.0
55.45454545454545
50.0
51.81818181818182
46.36363636363637
45.45454545454545
39.09090909090909
34.54545454545455
44.54545454545455
41.81818181818182
41.81818181818182
52.72727272727273
58.18181818181818
59.09090909090909
34.54545454545455
51.81818181818182
33.63636363636363
44.54545454545455
41.81818181818182
50.90909090909091
38.18181818181818
43.63636363636363
40.0
46.36363636363637
45.45454545454545
39.09090909090909
39.09090909090909
34.54545454545455
49.09090909090909
53.63636363636363
