62.37623762376238
89.10891089108911
70.29702970297029
92.07920792079207
88.11881188118812
77.22772277227723
91.08910891089108
84.15841584158416
85.14851485148515
83.16831683168317
85.14851485148515
74.25742574257426
76.23762376237623
84.15841584158416
89.10891089108911
89.10891089108911
88.11881188118812
85.14851485148515
91.08910891089108
93.06930693069307
85.14851485148515
76.23762376237623
75.24752475247524
72.27722772277228
69.3069306930693
85.14851485148515
78.21782178217822
91.08910891089108
89.10891089108911
84.15841584158416
82.17821782178218
75.24752475247524
70.29702970297029
68.31683168316832
77.22772277227723
83.16831683168317
80.1980198019802
85.14851485148515
70.29702970297029
68.31683168316832
85.14851485148515
93.06930693069307
83.16831683168317
89.10891089108911
64.35643564356435
90.0990099009901
70.29702970297029
86.13861386138613
91.08910891089108
81.18811881188118
81.18811881188118
80.1980198019802
91.08910891089108
82.17821782178218
71.2871287128713
79.20792079207921
95.04950495049505
82.17821782178218
84.15841584158416
87.12871287128714
86.13861386138613
70.29702970297029
72.27722772277228
82.17821782178218
79.20792079207921
70.29702970297029
69.3069306930693
81.18811881188118
77.22772277227723
89.10891089108911
81.18811881188118
86.13861386138613
91.08910891089108
77.22772277227723
72.27722772277228
74.25742574257426
83.16831683168317
69.3069306930693
73.26732673267327
79.20792079207921
88.11881188118812
89.10891089108911
84.15841584158416
77.22772277227723
77.22772277227723
77.22772277227723
91.08910891089108
79.20792079207921
92.07920792079207
84.15841584158416
82.17821782178218
75.24752475247524
76.23762376237623
74.25742574257426
86.13861386138613
79.20792079207921
85.14851485148515
70.29702970297029
75.24752475247524
83.16831683168317
72.27722772277228
90.0990099009901
84.15841584158416
86.13861386138613
89.10891089108911
72.27722772277228
89.10891089108911
86.13861386138613
86.13861386138613
87.12871287128714
86.13861386138613
73.26732673267327
90.0990099009901
89.10891089108911
77.22772277227723
58.415841584158414
91.08910891089108
87.12871287128714
95.04950495049505
78.21782178217822
89.10891089108911
87.12871287128714
79.20792079207921
90.0990099009901
91.08910891089108
73.26732673267327
80.1980198019802
88.11881188118812
86.13861386138613
91.08910891089108
93.06930693069307
88.11881188118812
90.0990099009901
93.06930693069307
91.08910891089108
81.18811881188118
87.12871287128714
60.396039603960396
90.0990099009901
90.0990099009901
72.27722772277228
87.12871287128714
85.14851485148515
71.2871287128713
69.3069306930693
88.11881188118812
77.22772277227723
69.3069306930693
87.12871287128714
72.27722772277228
75.24752475247524
75.24752475247524
70.29702970297029
91.08910891089108
67.32673267326733
69.3069306930693
90.0990099009901
86.13861386138613
82.17821782178218
69.3069306930693
85.14851485148515
70.29702970297029
86.13861386138613
85.14851485148515
72.27722772277228
90.0990099009901
73.26732673267327
83.16831683168317
90.0990099009901
90.0990099009901
73.26732673267327
92.07920792079207
70.29702970297029
73.26732673267327
60.396039603960396
73.26732673267327
72.27722772277228
84.15841584158416
81.18811881188118
61.386138613861384
92.07920792079207
85.14851485148515
87.12871287128714
92.07920792079207
78.21782178217822
81.18811881188118
85.14851485148515
76.23762376237623
82.17821782178218
89.10891089108911
71.2871287128713
85.14851485148515
74.25742574257426
89.10891089108911
93.06930693069307
86.13861386138613
77.22772277227723
86.13861386138613
83.16831683168317
61.386138613861384
71.2871287128713
71.2871287128713
71.2871287128713
63.366336633663366
85.14851485148515
77.22772277227723
76.23762376237623
92.07920792079207
89.10891089108911
86.13861386138613
82.17821782178218
88.11881188118812
76.23762376237623
89.10891089108911
82.17821782178218
84.15841584158416
82.17821782178218
86.13861386138613
82.17821782178218
89.10891089108911
94.05940594059406
80.1980198019802
90.0990099009901
84.15841584158416
66.33663366336634
92.07920792079207
84.15841584158416
71.2871287128713
90.0990099009901
85.14851485148515
72.27722772277228
78.21782178217822
91.08910891089108
91.08910891089108
73.26732673267327
84.15841584158416
94.05940594059406
69.3069306930693
87.12871287128714
85.14851485148515
86.13861386138613
73.26732673267327
84.15841584158416
79.20792079207921
79.20792079207921
84.15841584158416
89.10891089108911
89.10891089108911
73.26732673267327
85.14851485148515
86.13861386138613
76.23762376237623
78.21782178217822
70.29702970297029
73.26732673267327
85.14851485148515
82.17821782178218
82.17821782178218
79.20792079207921
85.14851485148515
87.12871287128714
92.07920792079207
83.16831683168317
84.15841584158416
72.27722772277228
78.21782178217822
73.26732673267327
83.16831683168317
81.18811881188118
69.3069306930693
81.18811881188118
76.23762376237623
87.12871287128714
84.15841584158416
80.1980198019802
81.18811881188118
85.14851485148515
78.21782178217822
89.10891089108911
74.25742574257426
93.06930693069307
84.15841584158416
67.32673267326733
92.07920792079207
78.21782178217822
93.06930693069307
84.15841584158416
87.12871287128714
85.14851485148515
85.14851485148515
93.06930693069307
77.22772277227723
86.13861386138613
86.13861386138613
66.33663366336634
84.15841584158416
81.18811881188118
81.18811881188118
91.08910891089108
93.06930693069307
89.10891089108911
92.07920792079207
80.1980198019802
86.13861386138613
74.25742574257426
89.10891089108911
92.07920792079207
77.22772277227723
90.0990099009901
92.07920792079207
73.26732673267327
82.17821782178218
86.13861386138613
65.34653465346534
87.12871287128714
71.2871287128713
76.23762376237623
79.20792079207921
91.08910891089108
90.0990099009901
71.2871287128713
87.12871287128714
94.05940594059406
81.18811881188118
73.26732673267327
79.20792079207921
75.24752475247524
93.06930693069307
71.2871287128713
64.35643564356435
81.18811881188118
91.08910891089108
76.23762376237623
71.2871287128713
93.06930693069307
80.1980198019802
74.25742574257426
87.12871287128714
75.24752475247524
72.27722772277228
82.17821782178218
71.2871287128713
72.27722772277228
89.10891089108911
70.29702970297029
95.04950495049505
83.16831683168317
72.27722772277228
73.26732673267327
82.17821782178218
87.12871287128714
90.0990099009901
81.18811881188118
73.26732673267327
71.2871287128713
85.14851485148515
75.24752475247524
88.11881188118812
91.08910891089108
79.20792079207921
91.08910891089108
86.13861386138613
90.0990099009901
80.1980198019802
76.23762376237623
85.14851485148515
93.06930693069307
83.16831683168317
85.14851485148515
77.22772277227723
74.25742574257426
93.06930693069307
72.27722772277228
65.34653465346534
86.13861386138613
77.22772277227723
92.07920792079207
78.21782178217822
85.14851485148515
73.26732673267327
74.25742574257426
73.26732673267327
81.18811881188118
92.07920792079207
82.17821782178218
80.1980198019802
71.2871287128713
67.32673267326733
78.21782178217822
84.15841584158416
93.06930693069307
74.25742574257426
69.3069306930693
86.13861386138613
91.08910891089108
86.13861386138613
88.11881188118812
91.08910891089108
88.11881188118812
86.13861386138613
83.16831683168317
77.22772277227723
81.18811881188118
71.2871287128713
82.17821782178218
79.20792079207921
76.23762376237623
84.15841584158416
82.17821782178218
87.12871287128714
92.07920792079207
78.21782178217822
80.1980198019802
78.21782178217822
82.17821782178218
86.13861386138613
86.13861386138613
88.11881188118812
89.10891089108911
78.21782178217822
93.06930693069307
74.25742574257426
76.23762376237623
85.14851485148515
83.16831683168317
87.12871287128714
68.31683168316832
92.07920792079207
81.18811881188118
78.21782178217822
88.11881188118812
70.29702970297029
80.1980198019802
78.21782178217822
78.21782178217822
70.29702970297029
85.14851485148515
87.12871287128714
81.18811881188118
88.11881188118812
83.16831683168317
70.29702970297029
56.43564356435643
76.23762376237623
79.20792079207921
85.14851485148515
89.10891089108911
75.24752475247524
94.05940594059406
85.14851485148515
89.10891089108911
60.396039603960396
84.15841584158416
62.37623762376238
86.13861386138613
64.35643564356435
68.31683168316832
88.11881188118812
86.13861386138613
93.06930693069307
81.18811881188118
86.13861386138613
91.08910891089108
71.2871287128713
83.16831683168317
93.06930693069307
84.15841584158416
68.31683168316832
65.34653465346534
85.14851485148515
74.25742574257426
72.27722772277228
70.29702970297029
88.11881188118812
72.27722772277228
94.05940594059406
82.17821782178218
66.33663366336634
80.1980198019802
92.07920792079207
71.2871287128713
84.15841584158416
86.13861386138613
88.11881188118812
84.15841584158416
82.17821782178218
83.16831683168317
74.25742574257426
92.07920792079207
83.16831683168317
88.11881188118812
83.16831683168317
89.10891089108911
75.24752475247524
76.23762376237623
85.14851485148515
70.29702970297029
68.31683168316832
74.25742574257426
69.3069306930693
80.1980198019802
81.18811881188118
87.12871287128714
85.14851485148515
89.10891089108911
81.18811881188118
74.25742574257426
76.23762376237623
89.10891089108911
89.10891089108911
82.17821782178218
91.08910891089108
78.21782178217822
73.26732673267327
83.16831683168317
91.08910891089108
89.10891089108911
85.14851485148515
83.16831683168317
83.16831683168317
88.11881188118812
73.26732673267327
89.10891089108911
90.0990099009901
62.37623762376238
92.07920792079207
91.08910891089108
90.0990099009901
75.24752475247524
87.12871287128714
79.20792079207921
84.15841584158416
71.2871287128713
87.12871287128714
94.05940594059406
97.02970297029702
88.11881188118812
81.18811881188118
77.22772277227723
86.13861386138613
95.04950495049505
73.26732673267327
85.14851485148515
87.12871287128714
79.20792079207921
82.17821782178218
58.415841584158414
92.07920792079207
90.0990099009901
79.20792079207921
88.11881188118812
73.26732673267327
73.26732673267327
83.16831683168317
79.20792079207921
71.2871287128713
90.0990099009901
90.0990099009901
71.2871287128713
89.10891089108911
87.12871287128714
94.05940594059406
89.10891089108911
59.40594059405941
70.29702970297029
86.13861386138613
80.1980198019802
69.3069306930693
75.24752475247524
69.3069306930693
84.15841584158416
88.11881188118812
88.11881188118812
91.08910891089108
74.25742574257426
82.17821782178218
93.06930693069307
94.05940594059406
84.15841584158416
86.13861386138613
79.20792079207921
73.26732673267327
88.11881188118812
69.3069306930693
90.0990099009901
71.2871287128713
92.07920792079207
79.20792079207921
84.15841584158416
70.29702970297029
96.03960396039604
73.26732673267327
62.37623762376238
79.20792079207921
73.26732673267327
86.13861386138613
73.26732673267327
90.0990099009901
87.12871287128714
80.1980198019802
84.15841584158416
83.16831683168317
63.366336633663366
87.12871287128714
90.0990099009901
91.08910891089108
89.10891089108911
89.10891089108911
71.2871287128713
89.10891089108911
85.14851485148515
86.13861386138613
87.12871287128714
87.12871287128714
94.05940594059406
91.08910891089108
86.13861386138613
91.08910891089108
91.08910891089108
87.12871287128714
74.25742574257426
75.24752475247524
70.29702970297029
87.12871287128714
82.17821782178218
86.13861386138613
79.20792079207921
90.0990099009901
70.29702970297029
88.11881188118812
85.14851485148515
85.14851485148515
83.16831683168317
84.15841584158416
88.11881188118812
77.22772277227723
73.26732673267327
91.08910891089108
86.13861386138613
90.0990099009901
80.1980198019802
86.13861386138613
71.2871287128713
84.15841584158416
97.02970297029702
90.0990099009901
98.01980198019803
84.15841584158416
86.13861386138613
86.13861386138613
76.23762376237623
74.25742574257426
82.17821782178218
86.13861386138613
80.1980198019802
88.11881188118812
80.1980198019802
82.17821782178218
87.12871287128714
85.14851485148515
85.14851485148515
89.10891089108911
89.10891089108911
91.08910891089108
76.23762376237623
86.13861386138613
69.3069306930693
97.02970297029702
80.1980198019802
88.11881188118812
86.13861386138613
80.1980198019802
94.05940594059406
89.10891089108911
71.2871287128713
84.15841584158416
89.10891089108911
88.11881188118812
85.14851485148515
91.08910891089108
67.32673267326733
87.12871287128714
71.2871287128713
89.10891089108911
88.11881188118812
71.2871287128713
87.12871287128714
77.22772277227723
73.26732673267327
78.21782178217822
87.12871287128714
82.17821782178218
86.13861386138613
77.22772277227723
80.1980198019802
73.26732673267327
82.17821782178218
75.24752475247524
82.17821782178218
85.14851485148515
89.10891089108911
93.06930693069307
81.18811881188118
77.22772277227723
88.11881188118812
84.15841584158416
90.0990099009901
82.17821782178218
87.12871287128714
92.07920792079207
87.12871287128714
89.10891089108911
77.22772277227723
87.12871287128714
85.14851485148515
93.06930693069307
81.18811881188118
81.18811881188118
67.32673267326733
85.14851485148515
91.08910891089108
72.27722772277228
91.08910891089108
83.16831683168317
66.33663366336634
92.07920792079207
84.15841584158416
91.08910891089108
69.3069306930693
85.14851485148515
87.12871287128714
73.26732673267327
81.18811881188118
80.1980198019802
70.29702970297029
74.25742574257426
85.14851485148515
85.14851485148515
83.16831683168317
88.11881188118812
94.05940594059406
87.12871287128714
85.14851485148515
80.1980198019802
84.15841584158416
95.04950495049505
86.13861386138613
80.1980198019802
78.21782178217822
72.27722772277228
78.21782178217822
62.37623762376238
87.12871287128714
92.07920792079207
87.12871287128714
83.16831683168317
90.0990099009901
90.0990099009901
86.13861386138613
80.1980198019802
91.08910891089108
91.08910891089108
93.06930693069307
67.32673267326733
69.3069306930693
71.2871287128713
67.32673267326733
83.16831683168317
81.18811881188118
87.12871287128714
91.08910891089108
85.14851485148515
95.04950495049505
71.2871287128713
64.35643564356435
88.11881188118812
81.18811881188118
87.12871287128714
67.32673267326733
90.0990099009901
82.17821782178218
68.31683168316832
88.11881188118812
95.04950495049505
84.15841584158416
82.17821782178218
94.05940594059406
88.11881188118812
87.12871287128714
80.1980198019802
84.15841584158416
77.22772277227723
81.18811881188118
75.24752475247524
74.25742574257426
64.35643564356435
82.17821782178218
81.18811881188118
89.10891089108911
88.11881188118812
84.15841584158416
71.2871287128713
83.16831683168317
80.1980198019802
69.3069306930693
83.16831683168317
84.15841584158416
71.2871287128713
78.21782178217822
73.26732673267327
75.24752475247524
86.13861386138613
91.08910891089108
68.31683168316832
68.31683168316832
69.3069306930693
91.08910891089108
71.2871287128713
86.13861386138613
73.26732673267327
60.396039603960396
89.10891089108911
87.12871287128714
84.15841584158416
86.13861386138613
93.06930693069307
77.22772277227723
70.29702970297029
87.12871287128714
85.14851485148515
76.23762376237623
82.17821782178218
86.13861386138613
92.07920792079207
81.18811881188118
72.27722772277228
69.3069306930693
76.23762376237623
79.20792079207921
83.16831683168317
77.22772277227723
90.0990099009901
70.29702970297029
91.08910891089108
89.10891089108911
85.14851485148515
91.08910891089108
78.21782178217822
65.34653465346534
77.22772277227723
85.14851485148515
90.0990099009901
69.3069306930693
87.12871287128714
92.07920792079207
89.10891089108911
88.11881188118812
74.25742574257426
89.10891089108911
87.12871287128714
90.0990099009901
88.11881188118812
68.31683168316832
90.0990099009901
87.12871287128714
75.24752475247524
78.21782178217822
88.11881188118812
85.14851485148515
89.10891089108911
84.15841584158416
86.13861386138613
82.17821782178218
91.08910891089108
94.05940594059406
80.1980198019802
79.20792079207921
91.08910891089108
86.13861386138613
87.12871287128714
86.13861386138613
89.10891089108911
73.26732673267327
63.366336633663366
74.25742574257426
87.12871287128714
75.24752475247524
83.16831683168317
85.14851485148515
74.25742574257426
74.25742574257426
80.1980198019802
73.26732673267327
89.10891089108911
86.13861386138613
74.25742574257426
81.18811881188118
89.10891089108911
91.08910891089108
70.29702970297029
78.21782178217822
84.15841584158416
83.16831683168317
72.27722772277228
94.05940594059406
75.24752475247524
80.1980198019802
82.17821782178218
87.12871287128714
85.14851485148515
86.13861386138613
72.27722772277228
84.15841584158416
89.10891089108911
89.10891089108911
95.04950495049505
92.07920792079207
88.11881188118812
90.0990099009901
87.12871287128714
84.15841584158416
90.0990099009901
69.3069306930693
78.21782178217822
84.15841584158416
77.22772277227723
90.0990099009901
79.20792079207921
74.25742574257426
72.27722772277228
80.1980198019802
86.13861386138613
79.20792079207921
86.13861386138613
91.08910891089108
70.29702970297029
63.366336633663366
94.05940594059406
83.16831683168317
81.18811881188118
88.11881188118812
84.15841584158416
72.27722772277228
88.11881188118812
89.10891089108911
67.32673267326733
73.26732673267327
89.10891089108911
86.13861386138613
81.18811881188118
88.11881188118812
81.18811881188118
90.0990099009901
87.12871287128714
73.26732673267327
78.21782178217822
77.22772277227723
68.31683168316832
70.29702970297029
86.13861386138613
81.18811881188118
74.25742574257426
87.12871287128714
73.26732673267327
89.10891089108911
84.15841584158416
91.08910891089108
70.29702970297029
84.15841584158416
72.27722772277228
72.27722772277228
83.16831683168317
75.24752475247524
66.33663366336634
71.2871287128713
88.11881188118812
88.11881188118812
88.11881188118812
70.29702970297029
70.29702970297029
86.13861386138613
71.2871287128713
87.12871287128714
65.34653465346534
89.10891089108911
83.16831683168317
87.12871287128714
77.22772277227723
79.20792079207921
86.13861386138613
66.33663366336634
73.26732673267327
77.22772277227723
72.27722772277228
72.27722772277228
82.17821782178218
86.13861386138613
80.1980198019802
63.366336633663366
86.13861386138613
88.11881188118812
67.32673267326733
82.17821782178218
69.3069306930693
79.20792079207921
89.10891089108911
94.05940594059406
90.0990099009901
86.13861386138613
84.15841584158416
69.3069306930693
87.12871287128714
63.366336633663366
74.25742574257426
75.24752475247524
81.18811881188118
89.10891089108911
65.34653465346534
85.14851485148515
89.10891089108911
83.16831683168317
71.2871287128713
77.22772277227723
70.29702970297029
89.10891089108911
67.32673267326733
66.33663366336634
87.12871287128714
86.13861386138613
80.1980198019802
82.17821782178218
90.0990099009901
95.04950495049505
88.11881188118812
69.3069306930693
89.10891089108911
71.2871287128713
76.23762376237623
85.14851485148515
91.08910891089108
93.06930693069307
69.3069306930693
71.2871287128713
84.15841584158416
75.24752475247524
86.13861386138613
81.18811881188118
86.13861386138613
92.07920792079207
89.10891089108911
71.2871287128713
79.20792079207921
87.12871287128714
82.17821782178218
89.10891089108911
91.08910891089108
81.18811881188118
93.06930693069307
81.18811881188118
70.29702970297029
88.11881188118812
87.12871287128714
80.1980198019802
