75.24752475247524
89.10891089108911
68.31683168316832
80.1980198019802
86.13861386138613
74.25742574257426
85.14851485148515
84.15841584158416
82.17821782178218
84.15841584158416
88.11881188118812
90.0990099009901
69.3069306930693
89.10891089108911
70.29702970297029
90.0990099009901
85.14851485148515
81.18811881188118
74.25742574257426
83.16831683168317
60.396039603960396
85.14851485148515
82.17821782178218
77.22772277227723
75.24752475247524
73.26732673267327
91.08910891089108
68.31683168316832
83.16831683168317
92.07920792079207
67.32673267326733
86.13861386138613
87.12871287128714
80.1980198019802
71.2871287128713
79.20792079207921
83.16831683168317
81.18811881188118
83.16831683168317
84.15841584158416
84.15841584158416
89.10891089108911
82.17821782178218
70.29702970297029
83.16831683168317
64.35643564356435
72.27722772277228
77.22772277227723
72.27722772277228
75.24752475247524
75.24752475247524
77.22772277227723
91.08910891089108
67.32673267326733
90.0990099009901
86.13861386138613
66.33663366336634
84.15841584158416
87.12871287128714
81.18811881188118
83.16831683168317
84.15841584158416
76.23762376237623
83.16831683168317
82.17821782178218
91.08910891089108
83.16831683168317
75.24752475247524
84.15841584158416
77.22772277227723
67.32673267326733
84.15841584158416
81.18811881188118
64.35643564356435
90.0990099009901
86.13861386138613
69.3069306930693
85.14851485148515
81.18811881188118
89.10891089108911
78.21782178217822
85.14851485148515
89.10891089108911
73.26732673267327
63.366336633663366
71.2871287128713
87.12871287128714
72.27722772277228
87.12871287128714
85.14851485148515
79.20792079207921
93.06930693069307
87.12871287128714
68.31683168316832
81.18811881188118
72.27722772277228
82.17821782178218
74.25742574257426
80.1980198019802
64.35643564356435
75.24752475247524
88.11881188118812
78.21782178217822
74.25742574257426
93.06930693069307
89.10891089108911
77.22772277227723
88.11881188118812
73.26732673267327
84.15841584158416
81.18811881188118
81.18811881188118
62.37623762376238
83.16831683168317
84.15841584158416
70.29702970297029
74.25742574257426
86.13861386138613
81.18811881188118
81.18811881188118
82.17821782178218
88.11881188118812
85.14851485148515
86.13861386138613
91.08910891089108
62.37623762376238
88.11881188118812
77.22772277227723
79.20792079207921
88.11881188118812
87.12871287128714
83.16831683168317
85.14851485148515
86.13861386138613
79.20792079207921
69.3069306930693
83.16831683168317
85.14851485148515
73.26732673267327
78.21782178217822
82.17821782178218
75.24752475247524
85.14851485148515
74.25742574257426
87.12871287128714
72.27722772277228
73.26732673267327
80.1980198019802
80.1980198019802
89.10891089108911
94.05940594059406
83.16831683168317
67.32673267326733
91.08910891089108
84.15841584158416
86.13861386138613
87.12871287128714
59.40594059405941
89.10891089108911
75.24752475247524
67.32673267326733
91.08910891089108
81.18811881188118
68.31683168316832
86.13861386138613
81.18811881188118
77.22772277227723
85.14851485148515
81.18811881188118
90.0990099009901
75.24752475247524
94.05940594059406
72.27722772277228
82.17821782178218
75.24752475247524
88.11881188118812
70.29702970297029
83.16831683168317
78.21782178217822
78.21782178217822
86.13861386138613
77.22772277227723
82.17821782178218
74.25742574257426
74.25742574257426
68.31683168316832
74.25742574257426
89.10891089108911
88.11881188118812
75.24752475247524
81.18811881188118
67.32673267326733
77.22772277227723
88.11881188118812
67.32673267326733
76.23762376237623
81.18811881188118
80.1980198019802
65.34653465346534
83.16831683168317
91.08910891089108
65.34653465346534
83.16831683168317
79.20792079207921
83.16831683168317
83.16831683168317
85.14851485148515
90.0990099009901
88.11881188118812
74.25742574257426
87.12871287128714
69.3069306930693
87.12871287128714
68.31683168316832
91.08910891089108
94.05940594059406
86.13861386138613
95.04950495049505
81.18811881188118
89.10891089108911
83.16831683168317
70.29702970297029
88.11881188118812
92.07920792079207
87.12871287128714
74.25742574257426
85.14851485148515
86.13861386138613
84.15841584158416
85.14851485148515
69.3069306930693
82.17821782178218
88.11881188118812
74.25742574257426
88.11881188118812
80.1980198019802
84.15841584158416
75.24752475247524
75.24752475247524
78.21782178217822
77.22772277227723
66.33663366336634
76.23762376237623
81.18811881188118
73.26732673267327
88.11881188118812
78.21782178217822
81.18811881188118
79.20792079207921
87.12871287128714
80.1980198019802
82.17821782178218
81.18811881188118
80.1980198019802
88.11881188118812
83.16831683168317
85.14851485148515
67.32673267326733
83.16831683168317
83.16831683168317
85.14851485148515
82.17821782178218
73.26732673267327
87.12871287128714
73.26732673267327
73.26732673267327
80.1980198019802
78.21782178217822
72.27722772277228
86.13861386138613
81.18811881188118
63.366336633663366
66.33663366336634
90.0990099009901
85.14851485148515
81.18811881188118
79.20792079207921
72.27722772277228
86.13861386138613
74.25742574257426
78.21782178217822
64.35643564356435
88.11881188118812
81.18811881188118
75.24752475247524
74.25742574257426
71.2871287128713
82.17821782178218
85.14851485148515
71.2871287128713
82.17821782178218
89.10891089108911
89.10891089108911
77.22772277227723
80.1980198019802
87.12871287128714
82.17821782178218
70.29702970297029
77.22772277227723
86.13861386138613
88.11881188118812
83.16831683168317
71.2871287128713
81.18811881188118
86.13861386138613
90.0990099009901
86.13861386138613
89.10891089108911
89.10891089108911
76.23762376237623
73.26732673267327
72.27722772277228
78.21782178217822
69.3069306930693
80.1980198019802
84.15841584158416
85.14851485148515
74.25742574257426
93.06930693069307
85.14851485148515
71.2871287128713
68.31683168316832
87.12871287128714
86.13861386138613
85.14851485148515
86.13861386138613
84.15841584158416
83.16831683168317
87.12871287128714
86.13861386138613
88.11881188118812
54.45544554455446
81.18811881188118
83.16831683168317
71.2871287128713
88.11881188118812
69.3069306930693
94.05940594059406
79.20792079207921
73.26732673267327
87.12871287128714
89.10891089108911
82.17821782178218
74.25742574257426
79.20792079207921
72.27722772277228
76.23762376237623
74.25742574257426
70.29702970297029
77.22772277227723
85.14851485148515
86.13861386138613
81.18811881188118
87.12871287128714
93.06930693069307
73.26732673267327
78.21782178217822
87.12871287128714
75.24752475247524
72.27722772277228
65.34653465346534
80.1980198019802
71.2871287128713
78.21782178217822
91.08910891089108
63.366336633663366
74.25742574257426
89.10891089108911
85.14851485148515
82.17821782178218
73.26732673267327
79.20792079207921
88.11881188118812
91.08910891089108
66.33663366336634
79.20792079207921
88.11881188118812
82.17821782178218
76.23762376237623
90.0990099009901
85.14851485148515
77.22772277227723
73.26732673267327
89.10891089108911
90.0990099009901
87.12871287128714
92.07920792079207
87.12871287128714
88.11881188118812
71.2871287128713
85.14851485148515
89.10891089108911
77.22772277227723
87.12871287128714
71.2871287128713
90.0990099009901
82.17821782178218
76.23762376237623
76.23762376237623
76.23762376237623
76.23762376237623
72.27722772277228
87.12871287128714
78.21782178217822
84.15841584158416
74.25742574257426
94.05940594059406
80.1980198019802
97.02970297029702
73.26732673267327
86.13861386138613
76.23762376237623
87.12871287128714
68.31683168316832
74.25742574257426
90.0990099009901
91.08910891089108
89.10891089108911
70.29702970297029
83.16831683168317
75.24752475247524
91.08910891089108
85.14851485148515
85.14851485148515
91.08910891089108
90.0990099009901
65.34653465346534
83.16831683168317
85.14851485148515
72.27722772277228
82.17821782178218
65.34653465346534
76.23762376237623
95.04950495049505
77.22772277227723
81.18811881188118
89.10891089108911
84.15841584158416
70.29702970297029
86.13861386138613
78.21782178217822
63.366336633663366
91.08910891089108
82.17821782178218
81.18811881188118
86.13861386138613
87.12871287128714
78.21782178217822
81.18811881188118
83.16831683168317
72.27722772277228
87.12871287128714
85.14851485148515
88.11881188118812
93.06930693069307
88.11881188118812
88.11881188118812
83.16831683168317
87.12871287128714
75.24752475247524
71.2871287128713
93.06930693069307
73.26732673267327
68.31683168316832
60.396039603960396
72.27722772277228
74.25742574257426
83.16831683168317
70.29702970297029
82.17821782178218
80.1980198019802
84.15841584158416
81.18811881188118
75.24752475247524
85.14851485148515
87.12871287128714
81.18811881188118
80.1980198019802
84.15841584158416
82.17821782178218
89.10891089108911
74.25742574257426
65.34653465346534
75.24752475247524
80.1980198019802
69.3069306930693
71.2871287128713
76.23762376237623
85.14851485148515
82.17821782178218
75.24752475247524
88.11881188118812
81.18811881188118
63.366336633663366
83.16831683168317
86.13861386138613
88.11881188118812
85.14851485148515
69.3069306930693
90.0990099009901
80.1980198019802
75.24752475247524
90.0990099009901
75.24752475247524
65.34653465346534
85.14851485148515
79.20792079207921
89.10891089108911
82.17821782178218
88.11881188118812
68.31683168316832
89.10891089108911
83.16831683168317
75.24752475247524
80.1980198019802
71.2871287128713
81.18811881188118
81.18811881188118
85.14851485148515
70.29702970297029
79.20792079207921
85.14851485148515
66.33663366336634
86.13861386138613
82.17821782178218
77.22772277227723
80.1980198019802
73.26732673267327
94.05940594059406
89.10891089108911
73.26732673267327
75.24752475247524
81.18811881188118
83.16831683168317
83.16831683168317
73.26732673267327
85.14851485148515
83.16831683168317
88.11881188118812
81.18811881188118
67.32673267326733
89.10891089108911
88.11881188118812
92.07920792079207
90.0990099009901
80.1980198019802
85.14851485148515
97.02970297029702
51.48514851485149
82.17821782178218
71.2871287128713
75.24752475247524
73.26732673267327
89.10891089108911
73.26732673267327
69.3069306930693
78.21782178217822
91.08910891089108
85.14851485148515
72.27722772277228
70.29702970297029
84.15841584158416
82.17821782178218
82.17821782178218
76.23762376237623
82.17821782178218
72.27722772277228
69.3069306930693
75.24752475247524
95.04950495049505
90.0990099009901
84.15841584158416
75.24752475247524
78.21782178217822
79.20792079207921
91.08910891089108
75.24752475247524
76.23762376237623
89.10891089108911
91.08910891089108
81.18811881188118
69.3069306930693
67.32673267326733
91.08910891089108
89.10891089108911
93.06930693069307
81.18811881188118
77.22772277227723
80.1980198019802
90.0990099009901
86.13861386138613
81.18811881188118
90.0990099009901
86.13861386138613
86.13861386138613
90.0990099009901
85.14851485148515
87.12871287128714
78.21782178217822
79.20792079207921
83.16831683168317
91.08910891089108
80.1980198019802
87.12871287128714
81.18811881188118
89.10891089108911
87.12871287128714
86.13861386138613
84.15841584158416
73.26732673267327
91.08910891089108
87.12871287128714
81.18811881188118
70.29702970297029
78.21782178217822
85.14851485148515
86.13861386138613
77.22772277227723
83.16831683168317
73.26732673267327
94.05940594059406
87.12871287128714
65.34653465346534
70.29702970297029
79.20792079207921
81.18811881188118
90.0990099009901
93.06930693069307
81.18811881188118
75.24752475247524
81.18811881188118
85.14851485148515
84.15841584158416
76.23762376237623
82.17821782178218
76.23762376237623
90.0990099009901
86.13861386138613
83.16831683168317
76.23762376237623
73.26732673267327
87.12871287128714
71.2871287128713
66.33663366336634
76.23762376237623
89.10891089108911
87.12871287128714
79.20792079207921
79.20792079207921
86.13861386138613
81.18811881188118
92.07920792079207
86.13861386138613
62.37623762376238
86.13861386138613
71.2871287128713
83.16831683168317
79.20792079207921
84.15841584158416
80.1980198019802
85.14851485148515
85.14851485148515
88.11881188118812
84.15841584158416
72.27722772277228
89.10891089108911
81.18811881188118
74.25742574257426
79.20792079207921
90.0990099009901
71.2871287128713
74.25742574257426
74.25742574257426
86.13861386138613
86.13861386138613
78.21782178217822
92.07920792079207
78.21782178217822
80.1980198019802
75.24752475247524
81.18811881188118
79.20792079207921
84.15841584158416
66.33663366336634
74.25742574257426
76.23762376237623
63.366336633663366
86.13861386138613
84.15841584158416
82.17821782178218
90.0990099009901
71.2871287128713
88.11881188118812
81.18811881188118
76.23762376237623
79.20792079207921
74.25742574257426
70.29702970297029
85.14851485148515
79.20792079207921
68.31683168316832
88.11881188118812
66.33663366336634
74.25742574257426
84.15841584158416
87.12871287128714
88.11881188118812
91.08910891089108
84.15841584158416
84.15841584158416
90.0990099009901
71.2871287128713
94.05940594059406
66.33663366336634
87.12871287128714
84.15841584158416
81.18811881188118
93.06930693069307
88.11881188118812
73.26732673267327
84.15841584158416
85.14851485148515
87.12871287128714
89.10891089108911
89.10891089108911
86.13861386138613
86.13861386138613
72.27722772277228
80.1980198019802
81.18811881188118
84.15841584158416
84.15841584158416
84.15841584158416
80.1980198019802
73.26732673267327
72.27722772277228
72.27722772277228
74.25742574257426
74.25742574257426
67.32673267326733
90.0990099009901
78.21782178217822
88.11881188118812
84.15841584158416
83.16831683168317
71.2871287128713
78.21782178217822
68.31683168316832
83.16831683168317
84.15841584158416
86.13861386138613
95.04950495049505
62.37623762376238
93.06930693069307
79.20792079207921
67.32673267326733
72.27722772277228
85.14851485148515
86.13861386138613
86.13861386138613
74.25742574257426
85.14851485148515
89.10891089108911
77.22772277227723
85.14851485148515
84.15841584158416
71.2871287128713
89.10891089108911
75.24752475247524
83.16831683168317
86.13861386138613
73.26732673267327
71.2871287128713
83.16831683168317
85.14851485148515
92.07920792079207
85.14851485148515
60.396039603960396
84.15841584158416
62.37623762376238
81.18811881188118
61.386138613861384
87.12871287128714
70.29702970297029
67.32673267326733
64.35643564356435
70.29702970297029
88.11881188118812
72.27722772277228
74.25742574257426
87.12871287128714
78.21782178217822
82.17821782178218
89.10891089108911
80.1980198019802
90.0990099009901
85.14851485148515
76.23762376237623
85.14851485148515
93.06930693069307
85.14851485148515
86.13861386138613
87.12871287128714
88.11881188118812
83.16831683168317
85.14851485148515
66.33663366336634
61.386138613861384
89.10891089108911
76.23762376237623
77.22772277227723
89.10891089108911
60.396039603960396
88.11881188118812
88.11881188118812
85.14851485148515
63.366336633663366
89.10891089108911
88.11881188118812
70.29702970297029
84.15841584158416
87.12871287128714
76.23762376237623
86.13861386138613
87.12871287128714
71.2871287128713
87.12871287128714
70.29702970297029
70.29702970297029
83.16831683168317
79.20792079207921
86.13861386138613
71.2871287128713
85.14851485148515
83.16831683168317
82.17821782178218
88.11881188118812
84.15841584158416
85.14851485148515
90.0990099009901
88.11881188118812
72.27722772277228
84.15841584158416
84.15841584158416
85.14851485148515
86.13861386138613
84.15841584158416
81.18811881188118
88.11881188118812
82.17821782178218
70.29702970297029
77.22772277227723
86.13861386138613
88.11881188118812
82.17821782178218
84.15841584158416
68.31683168316832
73.26732673267327
74.25742574257426
79.20792079207921
91.08910891089108
81.18811881188118
65.34653465346534
70.29702970297029
91.08910891089108
92.07920792079207
86.13861386138613
85.14851485148515
83.16831683168317
74.25742574257426
80.1980198019802
85.14851485148515
87.12871287128714
90.0990099009901
65.34653465346534
84.15841584158416
83.16831683168317
87.12871287128714
85.14851485148515
74.25742574257426
80.1980198019802
79.20792079207921
81.18811881188118
70.29702970297029
86.13861386138613
83.16831683168317
80.1980198019802
64.35643564356435
89.10891089108911
66.33663366336634
88.11881188118812
84.15841584158416
66.33663366336634
88.11881188118812
88.11881188118812
84.15841584158416
67.32673267326733
88.11881188118812
89.10891089108911
76.23762376237623
85.14851485148515
87.12871287128714
78.21782178217822
88.11881188118812
88.11881188118812
69.3069306930693
74.25742574257426
89.10891089108911
86.13861386138613
72.27722772277228
67.32673267326733
66.33663366336634
80.1980198019802
82.17821782178218
83.16831683168317
68.31683168316832
82.17821782178218
72.27722772277228
79.20792079207921
81.18811881188118
86.13861386138613
70.29702970297029
79.20792079207921
90.0990099009901
81.18811881188118
87.12871287128714
81.18811881188118
84.15841584158416
52.475247524752476
85.14851485148515
81.18811881188118
86.13861386138613
91.08910891089108
90.0990099009901
76.23762376237623
81.18811881188118
70.29702970297029
84.15841584158416
87.12871287128714
72.27722772277228
88.11881188118812
76.23762376237623
85.14851485148515
92.07920792079207
83.16831683168317
89.10891089108911
76.23762376237623
93.06930693069307
77.22772277227723
87.12871287128714
83.16831683168317
87.12871287128714
89.10891089108911
77.22772277227723
80.1980198019802
91.08910891089108
81.18811881188118
76.23762376237623
84.15841584158416
86.13861386138613
86.13861386138613
73.26732673267327
80.1980198019802
70.29702970297029
85.14851485148515
95.04950495049505
87.12871287128714
92.07920792079207
77.22772277227723
74.25742574257426
66.33663366336634
72.27722772277228
85.14851485148515
86.13861386138613
72.27722772277228
92.07920792079207
84.15841584158416
62.37623762376238
86.13861386138613
80.1980198019802
74.25742574257426
62.37623762376238
74.25742574257426
82.17821782178218
90.0990099009901
89.10891089108911
73.26732673267327
80.1980198019802
91.08910891089108
70.29702970297029
73.26732673267327
85.14851485148515
77.22772277227723
74.25742574257426
87.12871287128714
83.16831683168317
75.24752475247524
86.13861386138613
83.16831683168317
65.34653465346534
74.25742574257426
82.17821782178218
76.23762376237623
83.16831683168317
86.13861386138613
73.26732673267327
91.08910891089108
87.12871287128714
85.14851485148515
72.27722772277228
79.20792079207921
88.11881188118812
72.27722772277228
83.16831683168317
76.23762376237623
70.29702970297029
82.17821782178218
85.14851485148515
70.29702970297029
88.11881188118812
82.17821782178218
83.16831683168317
71.2871287128713
83.16831683168317
80.1980198019802
84.15841584158416
83.16831683168317
89.10891089108911
94.05940594059406
83.16831683168317
75.24752475247524
64.35643564356435
82.17821782178218
75.24752475247524
88.11881188118812
82.17821782178218
87.12871287128714
89.10891089108911
81.18811881188118
67.32673267326733
85.14851485148515
92.07920792079207
80.1980198019802
69.3069306930693
78.21782178217822
72.27722772277228
81.18811881188118
73.26732673267327
83.16831683168317
81.18811881188118
82.17821782178218
66.33663366336634
82.17821782178218
77.22772277227723
78.21782178217822
85.14851485148515
88.11881188118812
90.0990099009901
87.12871287128714
84.15841584158416
91.08910891089108
67.32673267326733
80.1980198019802
74.25742574257426
75.24752475247524
67.32673267326733
82.17821782178218
87.12871287128714
84.15841584158416
76.23762376237623
71.2871287128713
88.11881188118812
73.26732673267327
83.16831683168317
86.13861386138613
85.14851485148515
75.24752475247524
67.32673267326733
68.31683168316832
66.33663366336634
81.18811881188118
92.07920792079207
85.14851485148515
82.17821782178218
69.3069306930693
71.2871287128713
85.14851485148515
77.22772277227723
84.15841584158416
91.08910891089108
79.20792079207921
91.08910891089108
84.15841584158416
84.15841584158416
82.17821782178218
89.10891089108911
79.20792079207921
75.24752475247524
83.16831683168317
93.06930693069307
68.31683168316832
87.12871287128714
91.08910891089108
80.1980198019802
88.11881188118812
88.11881188118812
75.24752475247524
68.31683168316832
75.24752475247524
79.20792079207921
74.25742574257426
83.16831683168317
64.35643564356435
59.40594059405941
82.17821782178218
76.23762376237623
75.24752475247524
88.11881188118812
70.29702970297029
78.21782178217822
70.29702970297029
71.2871287128713
66.33663366336634
80.1980198019802
86.13861386138613
88.11881188118812
89.10891089108911
83.16831683168317
87.12871287128714
72.27722772277228
91.08910891089108
75.24752475247524
75.24752475247524
90.0990099009901
87.12871287128714
70.29702970297029
91.08910891089108
84.15841584158416
83.16831683168317
71.2871287128713
87.12871287128714
82.17821782178218
72.27722772277228
71.2871287128713
73.26732673267327
82.17821782178218
85.14851485148515
88.11881188118812
85.14851485148515
71.2871287128713
74.25742574257426
71.2871287128713
73.26732673267327
73.26732673267327
88.11881188118812
73.26732673267327
74.25742574257426
85.14851485148515
91.08910891089108
86.13861386138613
85.14851485148515
61.386138613861384
86.13861386138613
71.2871287128713
88.11881188118812
76.23762376237623
65.34653465346534
89.10891089108911
77.22772277227723
85.14851485148515
86.13861386138613
75.24752475247524
72.27722772277228
64.35643564356435
83.16831683168317
82.17821782178218
84.15841584158416
88.11881188118812
81.18811881188118
78.21782178217822
82.17821782178218
79.20792079207921
81.18811881188118
86.13861386138613
74.25742574257426
80.1980198019802
63.366336633663366
84.15841584158416
87.12871287128714
73.26732673267327
76.23762376237623
79.20792079207921
68.31683168316832
75.24752475247524
93.06930693069307
76.23762376237623
86.13861386138613
91.08910891089108
84.15841584158416
80.1980198019802
89.10891089108911
70.29702970297029
69.3069306930693
65.34653465346534
87.12871287128714
75.24752475247524
69.3069306930693
81.18811881188118
79.20792079207921
89.10891089108911
84.15841584158416
73.26732673267327
92.07920792079207
77.22772277227723
84.15841584158416
83.16831683168317
76.23762376237623
86.13861386138613
70.29702970297029
85.14851485148515
85.14851485148515
77.22772277227723
77.22772277227723
81.18811881188118
76.23762376237623
88.11881188118812
75.24752475247524
81.18811881188118
82.17821782178218
73.26732673267327
81.18811881188118
70.29702970297029
83.16831683168317
82.17821782178218
84.15841584158416
91.08910891089108
71.2871287128713
84.15841584158416
88.11881188118812
75.24752475247524
81.18811881188118
87.12871287128714
87.12871287128714
87.12871287128714
82.17821782178218
83.16831683168317
91.08910891089108
69.3069306930693
78.21782178217822
82.17821782178218
65.34653465346534
75.24752475247524
84.15841584158416
66.33663366336634
52.475247524752476
79.20792079207921
87.12871287128714
66.33663366336634
63.366336633663366
69.3069306930693
80.1980198019802
84.15841584158416
93.06930693069307
71.2871287128713
89.10891089108911
88.11881188118812
80.1980198019802
94.05940594059406
70.29702970297029
80.1980198019802
85.14851485148515
83.16831683168317
65.34653465346534
59.40594059405941
72.27722772277228
87.12871287128714
85.14851485148515
66.33663366336634
84.15841584158416
74.25742574257426
74.25742574257426
91.08910891089108
69.3069306930693
92.07920792079207
72.27722772277228
88.11881188118812
90.0990099009901
82.17821782178218
84.15841584158416
87.12871287128714
69.3069306930693
75.24752475247524
92.07920792079207
52.475247524752476
85.14851485148515
67.32673267326733
84.15841584158416
77.22772277227723
78.21782178217822
85.14851485148515
87.12871287128714
88.11881188118812
71.2871287128713
