88.11881188118812
77.22772277227723
74.25742574257426
86.13861386138613
84.15841584158416
90.0990099009901
88.11881188118812
89.10891089108911
78.21782178217822
81.18811881188118
82.17821782178218
94.05940594059406
90.0990099009901
80.1980198019802
88.11881188118812
91.08910891089108
70.29702970297029
79.20792079207921
86.13861386138613
76.23762376237623
74.25742574257426
71.2871287128713
77.22772277227723
83.16831683168317
62.37623762376238
82.17821782178218
87.12871287128714
82.17821782178218
84.15841584158416
88.11881188118812
85.14851485148515
90.0990099009901
70.29702970297029
83.16831683168317
77.22772277227723
88.11881188118812
87.12871287128714
71.2871287128713
66.33663366336634
72.27722772277228
86.13861386138613
78.21782178217822
86.13861386138613
77.22772277227723
91.08910891089108
93.06930693069307
75.24752475247524
85.14851485148515
86.13861386138613
89.10891089108911
91.08910891089108
86.13861386138613
73.26732673267327
67.32673267326733
87.12871287128714
91.08910891089108
73.26732673267327
85.14851485148515
87.12871287128714
73.26732673267327
89.10891089108911
93.06930693069307
87.12871287128714
77.22772277227723
83.16831683168317
79.20792079207921
85.14851485148515
86.13861386138613
85.14851485148515
83.16831683168317
81.18811881188118
63.366336633663366
72.27722772277228
71.2871287128713
81.18811881188118
88.11881188118812
95.04950495049505
87.12871287128714
88.11881188118812
69.3069306930693
70.29702970297029
89.10891089108911
91.08910891089108
88.11881188118812
71.2871287128713
72.27722772277228
79.20792079207921
73.26732673267327
83.16831683168317
88.11881188118812
90.0990099009901
86.13861386138613
96.03960396039604
81.18811881188118
71.2871287128713
75.24752475247524
78.21782178217822
82.17821782178218
96.03960396039604
83.16831683168317
70.29702970297029
95.04950495049505
70.29702970297029
94.05940594059406
90.0990099009901
85.14851485148515
84.15841584158416
76.23762376237623
74.25742574257426
89.10891089108911
91.08910891089108
82.17821782178218
74.25742574257426
66.33663366336634
87.12871287128714
90.0990099009901
72.27722772277228
89.10891089108911
80.1980198019802
75.24752475247524
71.2871287128713
91.08910891089108
94.05940594059406
83.16831683168317
72.27722772277228
76.23762376237623
73.26732673267327
90.0990099009901
85.14851485148515
82.17821782178218
83.16831683168317
88.11881188118812
70.29702970297029
71.2871287128713
91.08910891089108
86.13861386138613
73.26732673267327
83.16831683168317
87.12871287128714
86.13861386138613
84.15841584158416
93.06930693069307
88.11881188118812
85.14851485148515
84.15841584158416
89.10891089108911
85.14851485148515
92.07920792079207
88.11881188118812
86.13861386138613
98.01980198019803
84.15841584158416
83.16831683168317
71.2871287128713
84.15841584158416
66.33663366336634
89.10891089108911
83.16831683168317
70.29702970297029
86.13861386138613
74.25742574257426
87.12871287128714
71.2871287128713
75.24752475247524
91.08910891089108
90.0990099009901
89.10891089108911
88.11881188118812
72.27722772277228
85.14851485148515
60.396039603960396
86.13861386138613
71.2871287128713
53.46534653465346
92.07920792079207
79.20792079207921
80.1980198019802
88.11881188118812
62.37623762376238
80.1980198019802
77.22772277227723
86.13861386138613
68.31683168316832
86.13861386138613
84.15841584158416
92.07920792079207
88.11881188118812
89.10891089108911
84.15841584158416
89.10891089108911
88.11881188118812
90.0990099009901
87.12871287128714
87.12871287128714
98.01980198019803
86.13861386138613
82.17821782178218
74.25742574257426
90.0990099009901
63.366336633663366
75.24752475247524
83.16831683168317
72.27722772277228
71.2871287128713
69.3069306930693
71.2871287128713
62.37623762376238
59.40594059405941
83.16831683168317
84.15841584158416
85.14851485148515
65.34653465346534
69.3069306930693
90.0990099009901
71.2871287128713
78.21782178217822
92.07920792079207
88.11881188118812
89.10891089108911
89.10891089108911
84.15841584158416
95.04950495049505
86.13861386138613
82.17821782178218
88.11881188118812
91.08910891089108
88.11881188118812
82.17821782178218
87.12871287128714
84.15841584158416
65.34653465346534
92.07920792079207
87.12871287128714
88.11881188118812
87.12871287128714
88.11881188118812
94.05940594059406
83.16831683168317
82.17821782178218
80.1980198019802
73.26732673267327
88.11881188118812
81.18811881188118
89.10891089108911
90.0990099009901
82.17821782178218
92.07920792079207
76.23762376237623
95.04950495049505
92.07920792079207
87.12871287128714
90.0990099009901
89.10891089108911
76.23762376237623
89.10891089108911
76.23762376237623
89.10891089108911
91.08910891089108
73.26732673267327
65.34653465346534
90.0990099009901
86.13861386138613
72.27722772277228
72.27722772277228
67.32673267326733
95.04950495049505
73.26732673267327
90.0990099009901
69.3069306930693
95.04950495049505
88.11881188118812
87.12871287128714
84.15841584158416
81.18811881188118
91.08910891089108
82.17821782178218
87.12871287128714
91.08910891089108
84.15841584158416
88.11881188118812
91.08910891089108
76.23762376237623
85.14851485148515
75.24752475247524
70.29702970297029
89.10891089108911
83.16831683168317
88.11881188118812
88.11881188118812
80.1980198019802
85.14851485148515
72.27722772277228
92.07920792079207
84.15841584158416
93.06930693069307
91.08910891089108
64.35643564356435
90.0990099009901
91.08910891089108
84.15841584158416
82.17821782178218
87.12871287128714
79.20792079207921
90.0990099009901
89.10891089108911
84.15841584158416
91.08910891089108
86.13861386138613
68.31683168316832
90.0990099009901
87.12871287128714
88.11881188118812
88.11881188118812
86.13861386138613
74.25742574257426
86.13861386138613
88.11881188118812
90.0990099009901
91.08910891089108
86.13861386138613
69.3069306930693
92.07920792079207
75.24752475247524
86.13861386138613
90.0990099009901
78.21782178217822
91.08910891089108
76.23762376237623
63.366336633663366
78.21782178217822
65.34653465346534
87.12871287128714
89.10891089108911
85.14851485148515
88.11881188118812
83.16831683168317
78.21782178217822
69.3069306930693
83.16831683168317
74.25742574257426
77.22772277227723
83.16831683168317
70.29702970297029
72.27722772277228
91.08910891089108
87.12871287128714
92.07920792079207
95.04950495049505
72.27722772277228
86.13861386138613
87.12871287128714
65.34653465346534
76.23762376237623
87.12871287128714
84.15841584158416
91.08910891089108
86.13861386138613
86.13861386138613
89.10891089108911
68.31683168316832
81.18811881188118
76.23762376237623
81.18811881188118
82.17821782178218
86.13861386138613
89.10891089108911
81.18811881188118
74.25742574257426
87.12871287128714
78.21782178217822
86.13861386138613
89.10891089108911
74.25742574257426
86.13861386138613
77.22772277227723
79.20792079207921
78.21782178217822
86.13861386138613
74.25742574257426
88.11881188118812
94.05940594059406
88.11881188118812
88.11881188118812
75.24752475247524
84.15841584158416
77.22772277227723
87.12871287128714
91.08910891089108
79.20792079207921
83.16831683168317
69.3069306930693
88.11881188118812
93.06930693069307
83.16831683168317
81.18811881188118
80.1980198019802
72.27722772277228
90.0990099009901
90.0990099009901
90.0990099009901
69.3069306930693
84.15841584158416
85.14851485148515
72.27722772277228
76.23762376237623
88.11881188118812
81.18811881188118
61.386138613861384
89.10891089108911
87.12871287128714
87.12871287128714
88.11881188118812
77.22772277227723
77.22772277227723
93.06930693069307
71.2871287128713
74.25742574257426
74.25742574257426
85.14851485148515
75.24752475247524
84.15841584158416
70.29702970297029
87.12871287128714
88.11881188118812
88.11881188118812
82.17821782178218
65.34653465346534
86.13861386138613
75.24752475247524
84.15841584158416
88.11881188118812
89.10891089108911
76.23762376237623
83.16831683168317
69.3069306930693
85.14851485148515
80.1980198019802
90.0990099009901
88.11881188118812
85.14851485148515
87.12871287128714
71.2871287128713
90.0990099009901
76.23762376237623
88.11881188118812
76.23762376237623
91.08910891089108
88.11881188118812
83.16831683168317
66.33663366336634
86.13861386138613
70.29702970297029
84.15841584158416
91.08910891089108
84.15841584158416
85.14851485148515
97.02970297029702
89.10891089108911
90.0990099009901
91.08910891089108
86.13861386138613
93.06930693069307
89.10891089108911
88.11881188118812
77.22772277227723
81.18811881188118
91.08910891089108
75.24752475247524
89.10891089108911
87.12871287128714
90.0990099009901
86.13861386138613
80.1980198019802
72.27722772277228
88.11881188118812
94.05940594059406
85.14851485148515
98.01980198019803
72.27722772277228
67.32673267326733
81.18811881188118
89.10891089108911
82.17821782178218
84.15841584158416
94.05940594059406
89.10891089108911
87.12871287128714
82.17821782178218
91.08910891089108
91.08910891089108
72.27722772277228
73.26732673267327
81.18811881188118
93.06930693069307
81.18811881188118
92.07920792079207
82.17821782178218
92.07920792079207
73.26732673267327
66.33663366336634
74.25742574257426
84.15841584158416
94.05940594059406
88.11881188118812
74.25742574257426
93.06930693069307
83.16831683168317
89.10891089108911
64.35643564356435
66.33663366336634
80.1980198019802
75.24752475247524
88.11881188118812
88.11881188118812
70.29702970297029
89.10891089108911
92.07920792079207
86.13861386138613
83.16831683168317
85.14851485148515
88.11881188118812
87.12871287128714
73.26732673267327
76.23762376237623
74.25742574257426
86.13861386138613
86.13861386138613
80.1980198019802
92.07920792079207
67.32673267326733
75.24752475247524
91.08910891089108
81.18811881188118
71.2871287128713
82.17821782178218
83.16831683168317
86.13861386138613
88.11881188118812
87.12871287128714
78.21782178217822
86.13861386138613
73.26732673267327
76.23762376237623
82.17821782178218
86.13861386138613
66.33663366336634
88.11881188118812
85.14851485148515
84.15841584158416
97.02970297029702
73.26732673267327
82.17821782178218
84.15841584158416
72.27722772277228
77.22772277227723
86.13861386138613
90.0990099009901
88.11881188118812
91.08910891089108
86.13861386138613
88.11881188118812
92.07920792079207
90.0990099009901
88.11881188118812
85.14851485148515
80.1980198019802
92.07920792079207
91.08910891089108
94.05940594059406
83.16831683168317
71.2871287128713
90.0990099009901
91.08910891089108
96.03960396039604
91.08910891089108
90.0990099009901
64.35643564356435
72.27722772277228
86.13861386138613
82.17821782178218
85.14851485148515
86.13861386138613
95.04950495049505
71.2871287128713
86.13861386138613
68.31683168316832
78.21782178217822
71.2871287128713
93.06930693069307
89.10891089108911
87.12871287128714
89.10891089108911
78.21782178217822
79.20792079207921
84.15841584158416
91.08910891089108
73.26732673267327
90.0990099009901
89.10891089108911
86.13861386138613
88.11881188118812
83.16831683168317
77.22772277227723
93.06930693069307
89.10891089108911
85.14851485148515
84.15841584158416
82.17821782178218
91.08910891089108
93.06930693069307
85.14851485148515
66.33663366336634
83.16831683168317
77.22772277227723
89.10891089108911
82.17821782178218
90.0990099009901
84.15841584158416
91.08910891089108
87.12871287128714
72.27722772277228
82.17821782178218
95.04950495049505
63.366336633663366
72.27722772277228
93.06930693069307
88.11881188118812
71.2871287128713
64.35643564356435
90.0990099009901
90.0990099009901
92.07920792079207
81.18811881188118
68.31683168316832
84.15841584158416
84.15841584158416
78.21782178217822
85.14851485148515
92.07920792079207
87.12871287128714
85.14851485148515
85.14851485148515
68.31683168316832
78.21782178217822
87.12871287128714
86.13861386138613
70.29702970297029
92.07920792079207
91.08910891089108
84.15841584158416
73.26732673267327
84.15841584158416
83.16831683168317
88.11881188118812
90.0990099009901
73.26732673267327
78.21782178217822
88.11881188118812
88.11881188118812
94.05940594059406
66.33663366336634
68.31683168316832
83.16831683168317
65.34653465346534
86.13861386138613
84.15841584158416
73.26732673267327
71.2871287128713
90.0990099009901
86.13861386138613
82.17821782178218
88.11881188118812
79.20792079207921
85.14851485148515
76.23762376237623
85.14851485148515
91.08910891089108
90.0990099009901
88.11881188118812
70.29702970297029
82.17821782178218
84.15841584158416
75.24752475247524
87.12871287128714
91.08910891089108
66.33663366336634
69.3069306930693
69.3069306930693
76.23762376237623
71.2871287128713
85.14851485148515
92.07920792079207
86.13861386138613
84.15841584158416
75.24752475247524
78.21782178217822
92.07920792079207
85.14851485148515
68.31683168316832
79.20792079207921
72.27722772277228
71.2871287128713
89.10891089108911
73.26732673267327
85.14851485148515
71.2871287128713
96.03960396039604
92.07920792079207
70.29702970297029
87.12871287128714
87.12871287128714
78.21782178217822
84.15841584158416
85.14851485148515
91.08910891089108
91.08910891089108
89.10891089108911
78.21782178217822
78.21782178217822
90.0990099009901
70.29702970297029
88.11881188118812
89.10891089108911
93.06930693069307
88.11881188118812
89.10891089108911
94.05940594059406
83.16831683168317
88.11881188118812
82.17821782178218
71.2871287128713
88.11881188118812
91.08910891089108
74.25742574257426
78.21782178217822
86.13861386138613
67.32673267326733
91.08910891089108
73.26732673267327
89.10891089108911
95.04950495049505
87.12871287128714
81.18811881188118
91.08910891089108
89.10891089108911
87.12871287128714
73.26732673267327
87.12871287128714
71.2871287128713
88.11881188118812
84.15841584158416
74.25742574257426
82.17821782178218
89.10891089108911
85.14851485148515
93.06930693069307
75.24752475247524
65.34653465346534
81.18811881188118
83.16831683168317
85.14851485148515
78.21782178217822
85.14851485148515
97.02970297029702
64.35643564356435
73.26732673267327
72.27722772277228
87.12871287128714
89.10891089108911
81.18811881188118
84.15841584158416
88.11881188118812
76.23762376237623
81.18811881188118
71.2871287128713
91.08910891089108
90.0990099009901
95.04950495049505
82.17821782178218
89.10891089108911
75.24752475247524
77.22772277227723
88.11881188118812
86.13861386138613
76.23762376237623
87.12871287128714
74.25742574257426
76.23762376237623
86.13861386138613
85.14851485148515
71.2871287128713
87.12871287128714
83.16831683168317
89.10891089108911
64.35643564356435
93.06930693069307
92.07920792079207
76.23762376237623
83.16831683168317
83.16831683168317
85.14851485148515
87.12871287128714
90.0990099009901
82.17821782178218
76.23762376237623
83.16831683168317
73.26732673267327
84.15841584158416
87.12871287128714
82.17821782178218
94.05940594059406
83.16831683168317
72.27722772277228
74.25742574257426
89.10891089108911
66.33663366336634
68.31683168316832
72.27722772277228
69.3069306930693
94.05940594059406
82.17821782178218
88.11881188118812
75.24752475247524
84.15841584158416
70.29702970297029
94.05940594059406
79.20792079207921
87.12871287128714
77.22772277227723
77.22772277227723
76.23762376237623
80.1980198019802
90.0990099009901
77.22772277227723
82.17821782178218
89.10891089108911
70.29702970297029
72.27722772277228
60.396039603960396
88.11881188118812
87.12871287128714
85.14851485148515
81.18811881188118
85.14851485148515
77.22772277227723
78.21782178217822
74.25742574257426
83.16831683168317
80.1980198019802
88.11881188118812
73.26732673267327
73.26732673267327
75.24752475247524
84.15841584158416
83.16831683168317
86.13861386138613
95.04950495049505
86.13861386138613
87.12871287128714
85.14851485148515
92.07920792079207
89.10891089108911
90.0990099009901
95.04950495049505
83.16831683168317
84.15841584158416
84.15841584158416
75.24752475247524
89.10891089108911
92.07920792079207
68.31683168316832
81.18811881188118
84.15841584158416
92.07920792079207
88.11881188118812
85.14851485148515
89.10891089108911
89.10891089108911
78.21782178217822
88.11881188118812
66.33663366336634
88.11881188118812
74.25742574257426
82.17821782178218
82.17821782178218
90.0990099009901
90.0990099009901
79.20792079207921
96.03960396039604
79.20792079207921
73.26732673267327
87.12871287128714
69.3069306930693
89.10891089108911
71.2871287128713
87.12871287128714
79.20792079207921
83.16831683168317
84.15841584158416
89.10891089108911
86.13861386138613
96.03960396039604
90.0990099009901
87.12871287128714
87.12871287128714
70.29702970297029
85.14851485148515
93.06930693069307
92.07920792079207
88.11881188118812
90.0990099009901
86.13861386138613
85.14851485148515
76.23762376237623
83.16831683168317
86.13861386138613
71.2871287128713
88.11881188118812
87.12871287128714
82.17821782178218
87.12871287128714
85.14851485148515
94.05940594059406
86.13861386138613
83.16831683168317
83.16831683168317
82.17821782178218
88.11881188118812
89.10891089108911
85.14851485148515
88.11881188118812
86.13861386138613
94.05940594059406
79.20792079207921
87.12871287128714
72.27722772277228
90.0990099009901
70.29702970297029
87.12871287128714
84.15841584158416
88.11881188118812
87.12871287128714
72.27722772277228
91.08910891089108
84.15841584158416
82.17821782178218
90.0990099009901
91.08910891089108
73.26732673267327
85.14851485148515
73.26732673267327
84.15841584158416
93.06930693069307
85.14851485148515
82.17821782178218
73.26732673267327
70.29702970297029
93.06930693069307
90.0990099009901
91.08910891089108
67.32673267326733
93.06930693069307
84.15841584158416
85.14851485148515
78.21782178217822
63.366336633663366
85.14851485148515
90.0990099009901
85.14851485148515
85.14851485148515
76.23762376237623
87.12871287128714
83.16831683168317
92.07920792079207
89.10891089108911
74.25742574257426
91.08910891089108
80.1980198019802
88.11881188118812
77.22772277227723
73.26732673267327
87.12871287128714
89.10891089108911
93.06930693069307
73.26732673267327
92.07920792079207
85.14851485148515
80.1980198019802
83.16831683168317
90.0990099009901
81.18811881188118
94.05940594059406
84.15841584158416
78.21782178217822
88.11881188118812
84.15841584158416
85.14851485148515
85.14851485148515
85.14851485148515
83.16831683168317
94.05940594059406
86.13861386138613
84.15841584158416
71.2871287128713
84.15841584158416
88.11881188118812
86.13861386138613
77.22772277227723
75.24752475247524
71.2871287128713
95.04950495049505
84.15841584158416
83.16831683168317
83.16831683168317
92.07920792079207
81.18811881188118
94.05940594059406
87.12871287128714
72.27722772277228
82.17821782178218
86.13861386138613
79.20792079207921
86.13861386138613
87.12871287128714
85.14851485148515
90.0990099009901
72.27722772277228
91.08910891089108
82.17821782178218
89.10891089108911
84.15841584158416
87.12871287128714
92.07920792079207
75.24752475247524
88.11881188118812
94.05940594059406
74.25742574257426
62.37623762376238
82.17821782178218
73.26732673267327
83.16831683168317
88.11881188118812
91.08910891089108
93.06930693069307
86.13861386138613
67.32673267326733
85.14851485148515
92.07920792079207
92.07920792079207
89.10891089108911
88.11881188118812
85.14851485148515
71.2871287128713
69.3069306930693
64.35643564356435
66.33663366336634
95.04950495049505
89.10891089108911
85.14851485148515
85.14851485148515
70.29702970297029
86.13861386138613
81.18811881188118
78.21782178217822
89.10891089108911
82.17821782178218
82.17821782178218
78.21782178217822
69.3069306930693
88.11881188118812
92.07920792079207
85.14851485148515
86.13861386138613
73.26732673267327
87.12871287128714
82.17821782178218
70.29702970297029
71.2871287128713
72.27722772277228
93.06930693069307
82.17821782178218
71.2871287128713
78.21782178217822
74.25742574257426
81.18811881188118
74.25742574257426
78.21782178217822
87.12871287128714
82.17821782178218
70.29702970297029
83.16831683168317
70.29702970297029
85.14851485148515
92.07920792079207
87.12871287128714
77.22772277227723
89.10891089108911
78.21782178217822
72.27722772277228
92.07920792079207
91.08910891089108
64.35643564356435
82.17821782178218
88.11881188118812
69.3069306930693
93.06930693069307
84.15841584158416
88.11881188118812
69.3069306930693
88.11881188118812
88.11881188118812
89.10891089108911
85.14851485148515
81.18811881188118
86.13861386138613
