77.22772277227723
57.42574257425743
86.13861386138613
61.386138613861384
66.33663366336634
66.33663366336634
74.25742574257426
72.27722772277228
78.21782178217822
71.2871287128713
67.32673267326733
68.31683168316832
71.2871287128713
71.2871287128713
75.24752475247524
44.554455445544555
68.31683168316832
76.23762376237623
71.2871287128713
60.396039603960396
85.14851485148515
77.22772277227723
84.15841584158416
78.21782178217822
78.21782178217822
76.23762376237623
60.396039603960396
68.31683168316832
84.15841584158416
79.20792079207921
79.20792079207921
62.37623762376238
77.22772277227723
59.40594059405941
52.475247524752476
79.20792079207921
83.16831683168317
75.24752475247524
80.1980198019802
77.22772277227723
72.27722772277228
86.13861386138613
87.12871287128714
70.29702970297029
80.1980198019802
69.3069306930693
88.11881188118812
69.3069306930693
70.29702970297029
86.13861386138613
80.1980198019802
81.18811881188118
86.13861386138613
81.18811881188118
79.20792079207921
78.21782178217822
79.20792079207921
79.20792079207921
88.11881188118812
85.14851485148515
77.22772277227723
80.1980198019802
84.15841584158416
86.13861386138613
70.29702970297029
64.35643564356435
63.366336633663366
53.46534653465346
76.23762376237623
89.10891089108911
81.18811881188118
84.15841584158416
66.33663366336634
83.16831683168317
76.23762376237623
66.33663366336634
83.16831683168317
86.13861386138613
65.34653465346534
72.27722772277228
86.13861386138613
65.34653465346534
76.23762376237623
70.29702970297029
84.15841584158416
77.22772277227723
81.18811881188118
73.26732673267327
67.32673267326733
86.13861386138613
78.21782178217822
87.12871287128714
64.35643564356435
72.27722772277228
80.1980198019802
63.366336633663366
86.13861386138613
88.11881188118812
85.14851485148515
66.33663366336634
77.22772277227723
76.23762376237623
69.3069306930693
71.2871287128713
87.12871287128714
80.1980198019802
60.396039603960396
89.10891089108911
84.15841584158416
68.31683168316832
90.0990099009901
65.34653465346534
81.18811881188118
69.3069306930693
75.24752475247524
79.20792079207921
78.21782178217822
81.18811881188118
87.12871287128714
84.15841584158416
83.16831683168317
75.24752475247524
77.22772277227723
89.10891089108911
87.12871287128714
58.415841584158414
74.25742574257426
83.16831683168317
74.25742574257426
84.15841584158416
70.29702970297029
80.1980198019802
58.415841584158414
79.20792079207921
54.45544554455446
79.20792079207921
88.11881188118812
71.2871287128713
64.35643564356435
72.27722772277228
70.29702970297029
82.17821782178218
85.14851485148515
74.25742574257426
81.18811881188118
73.26732673267327
83.16831683168317
62.37623762376238
86.13861386138613
75.24752475247524
78.21782178217822
54.45544554455446
84.15841584158416
62.37623762376238
82.17821782178218
81.18811881188118
64.35643564356435
79.20792079207921
81.18811881188118
84.15841584158416
69.3069306930693
66.33663366336634
61.386138613861384
82.17821782178218
80.1980198019802
66.33663366336634
69.3069306930693
78.21782178217822
74.25742574257426
71.2871287128713
72.27722772277228
88.11881188118812
64.35643564356435
85.14851485148515
85.14851485148515
84.15841584158416
73.26732673267327
79.20792079207921
81.18811881188118
71.2871287128713
86.13861386138613
50.495049504950494
55.445544554455445
82.17821782178218
63.366336633663366
80.1980198019802
84.15841584158416
69.3069306930693
68.31683168316832
58.415841584158414
78.21782178217822
83.16831683168317
65.34653465346534
67.32673267326733
83.16831683168317
79.20792079207921
67.32673267326733
68.31683168316832
72.27722772277228
68.31683168316832
83.16831683168317
81.18811881188118
85.14851485148515
81.18811881188118
77.22772277227723
78.21782178217822
77.22772277227723
59.40594059405941
78.21782178217822
76.23762376237623
82.17821782178218
80.1980198019802
74.25742574257426
78.21782178217822
78.21782178217822
65.34653465346534
74.25742574257426
67.32673267326733
72.27722772277228
77.22772277227723
75.24752475247524
70.29702970297029
80.1980198019802
87.12871287128714
68.31683168316832
72.27722772277228
80.1980198019802
55.445544554455445
88.11881188118812
79.20792079207921
81.18811881188118
86.13861386138613
66.33663366336634
74.25742574257426
65.34653465346534
64.35643564356435
66.33663366336634
68.31683168316832
88.11881188118812
79.20792079207921
69.3069306930693
68.31683168316832
79.20792079207921
87.12871287128714
83.16831683168317
77.22772277227723
76.23762376237623
71.2871287128713
88.11881188118812
65.34653465346534
74.25742574257426
70.29702970297029
73.26732673267327
66.33663366336634
76.23762376237623
81.18811881188118
63.366336633663366
67.32673267326733
85.14851485148515
81.18811881188118
78.21782178217822
82.17821782178218
81.18811881188118
89.10891089108911
80.1980198019802
75.24752475247524
91.08910891089108
72.27722772277228
92.07920792079207
71.2871287128713
92.07920792079207
79.20792079207921
53.46534653465346
78.21782178217822
64.35643564356435
62.37623762376238
80.1980198019802
88.11881188118812
86.13861386138613
90.0990099009901
66.33663366336634
65.34653465346534
93.06930693069307
81.18811881188118
73.26732673267327
72.27722772277228
80.1980198019802
81.18811881188118
70.29702970297029
75.24752475247524
69.3069306930693
90.0990099009901
73.26732673267327
82.17821782178218
83.16831683168317
71.2871287128713
84.15841584158416
80.1980198019802
88.11881188118812
71.2871287128713
69.3069306930693
85.14851485148515
61.386138613861384
87.12871287128714
70.29702970297029
86.13861386138613
89.10891089108911
87.12871287128714
85.14851485148515
76.23762376237623
69.3069306930693
80.1980198019802
84.15841584158416
67.32673267326733
69.3069306930693
80.1980198019802
84.15841584158416
74.25742574257426
66.33663366336634
72.27722772277228
67.32673267326733
81.18811881188118
70.29702970297029
86.13861386138613
60.396039603960396
84.15841584158416
77.22772277227723
69.3069306930693
75.24752475247524
86.13861386138613
70.29702970297029
73.26732673267327
68.31683168316832
55.445544554455445
59.40594059405941
82.17821782178218
89.10891089108911
70.29702970297029
69.3069306930693
78.21782178217822
70.29702970297029
74.25742574257426
65.34653465346534
78.21782178217822
66.33663366336634
72.27722772277228
68.31683168316832
60.396039603960396
82.17821782178218
54.45544554455446
81.18811881188118
82.17821782178218
78.21782178217822
92.07920792079207
73.26732673267327
62.37623762376238
69.3069306930693
64.35643564356435
76.23762376237623
61.386138613861384
71.2871287128713
78.21782178217822
73.26732673267327
81.18811881188118
73.26732673267327
79.20792079207921
85.14851485148515
74.25742574257426
88.11881188118812
85.14851485148515
92.07920792079207
59.40594059405941
85.14851485148515
75.24752475247524
84.15841584158416
67.32673267326733
76.23762376237623
69.3069306930693
82.17821782178218
70.29702970297029
51.48514851485149
66.33663366336634
79.20792079207921
82.17821782178218
85.14851485148515
81.18811881188118
81.18811881188118
74.25742574257426
64.35643564356435
72.27722772277228
75.24752475247524
88.11881188118812
77.22772277227723
78.21782178217822
70.29702970297029
78.21782178217822
84.15841584158416
81.18811881188118
73.26732673267327
89.10891089108911
65.34653465346534
87.12871287128714
65.34653465346534
65.34653465346534
78.21782178217822
86.13861386138613
79.20792079207921
74.25742574257426
78.21782178217822
82.17821782178218
84.15841584158416
63.366336633663366
74.25742574257426
78.21782178217822
77.22772277227723
85.14851485148515
70.29702970297029
86.13861386138613
83.16831683168317
68.31683168316832
67.32673267326733
61.386138613861384
86.13861386138613
92.07920792079207
82.17821782178218
79.20792079207921
62.37623762376238
82.17821782178218
81.18811881188118
83.16831683168317
67.32673267326733
85.14851485148515
56.43564356435643
58.415841584158414
88.11881188118812
78.21782178217822
83.16831683168317
78.21782178217822
87.12871287128714
77.22772277227723
79.20792079207921
74.25742574257426
54.45544554455446
74.25742574257426
89.10891089108911
83.16831683168317
72.27722772277228
84.15841584158416
73.26732673267327
65.34653465346534
90.0990099009901
85.14851485148515
78.21782178217822
71.2871287128713
83.16831683168317
85.14851485148515
66.33663366336634
72.27722772277228
71.2871287128713
68.31683168316832
86.13861386138613
84.15841584158416
78.21782178217822
63.366336633663366
57.42574257425743
76.23762376237623
82.17821782178218
56.43564356435643
66.33663366336634
81.18811881188118
59.40594059405941
92.07920792079207
68.31683168316832
67.32673267326733
80.1980198019802
77.22772277227723
70.29702970297029
70.29702970297029
77.22772277227723
75.24752475247524
73.26732673267327
70.29702970297029
64.35643564356435
82.17821782178218
84.15841584158416
71.2871287128713
84.15841584158416
81.18811881188118
64.35643564356435
63.366336633663366
84.15841584158416
75.24752475247524
64.35643564356435
84.15841584158416
77.22772277227723
89.10891089108911
78.21782178217822
56.43564356435643
81.18811881188118
81.18811881188118
86.13861386138613
68.31683168316832
84.15841584158416
73.26732673267327
72.27722772277228
81.18811881188118
86.13861386138613
91.08910891089108
69.3069306930693
90.0990099009901
79.20792079207921
85.14851485148515
55.445544554455445
85.14851485148515
74.25742574257426
80.1980198019802
72.27722772277228
62.37623762376238
80.1980198019802
72.27722772277228
86.13861386138613
90.0990099009901
56.43564356435643
72.27722772277228
59.40594059405941
84.15841584158416
70.29702970297029
69.3069306930693
68.31683168316832
53.46534653465346
98.01980198019803
67.32673267326733
72.27722772277228
76.23762376237623
70.29702970297029
70.29702970297029
80.1980198019802
86.13861386138613
60.396039603960396
82.17821782178218
86.13861386138613
88.11881188118812
72.27722772277228
80.1980198019802
86.13861386138613
47.524752475247524
64.35643564356435
78.21782178217822
74.25742574257426
76.23762376237623
83.16831683168317
68.31683168316832
87.12871287128714
65.34653465346534
69.3069306930693
89.10891089108911
82.17821782178218
86.13861386138613
77.22772277227723
88.11881188118812
70.29702970297029
83.16831683168317
71.2871287128713
60.396039603960396
80.1980198019802
86.13861386138613
74.25742574257426
82.17821782178218
66.33663366336634
88.11881188118812
60.396039603960396
79.20792079207921
73.26732673267327
79.20792079207921
74.25742574257426
86.13861386138613
83.16831683168317
82.17821782178218
80.1980198019802
79.20792079207921
64.35643564356435
85.14851485148515
68.31683168316832
90.0990099009901
88.11881188118812
78.21782178217822
89.10891089108911
90.0990099009901
75.24752475247524
78.21782178217822
72.27722772277228
65.34653465346534
66.33663366336634
83.16831683168317
75.24752475247524
66.33663366336634
86.13861386138613
85.14851485148515
67.32673267326733
69.3069306930693
86.13861386138613
71.2871287128713
79.20792079207921
68.31683168316832
73.26732673267327
71.2871287128713
81.18811881188118
73.26732673267327
86.13861386138613
86.13861386138613
72.27722772277228
72.27722772277228
70.29702970297029
50.495049504950494
77.22772277227723
73.26732673267327
67.32673267326733
68.31683168316832
78.21782178217822
78.21782178217822
83.16831683168317
69.3069306930693
85.14851485148515
81.18811881188118
86.13861386138613
84.15841584158416
76.23762376237623
82.17821782178218
74.25742574257426
80.1980198019802
66.33663366336634
77.22772277227723
87.12871287128714
60.396039603960396
79.20792079207921
83.16831683168317
71.2871287128713
71.2871287128713
82.17821782178218
67.32673267326733
77.22772277227723
65.34653465346534
88.11881188118812
84.15841584158416
82.17821782178218
65.34653465346534
79.20792079207921
75.24752475247524
85.14851485148515
80.1980198019802
69.3069306930693
74.25742574257426
71.2871287128713
80.1980198019802
64.35643564356435
84.15841584158416
57.42574257425743
88.11881188118812
81.18811881188118
66.33663366336634
70.29702970297029
68.31683168316832
86.13861386138613
70.29702970297029
76.23762376237623
73.26732673267327
79.20792079207921
82.17821782178218
70.29702970297029
82.17821782178218
70.29702970297029
84.15841584158416
86.13861386138613
94.05940594059406
65.34653465346534
62.37623762376238
76.23762376237623
71.2871287128713
79.20792079207921
82.17821782178218
83.16831683168317
91.08910891089108
59.40594059405941
86.13861386138613
85.14851485148515
86.13861386138613
87.12871287128714
75.24752475247524
82.17821782178218
82.17821782178218
76.23762376237623
66.33663366336634
84.15841584158416
81.18811881188118
50.495049504950494
80.1980198019802
77.22772277227723
89.10891089108911
85.14851485148515
84.15841584158416
82.17821782178218
76.23762376237623
78.21782178217822
72.27722772277228
88.11881188118812
76.23762376237623
74.25742574257426
84.15841584158416
81.18811881188118
75.24752475247524
77.22772277227723
84.15841584158416
92.07920792079207
71.2871287128713
85.14851485148515
51.48514851485149
92.07920792079207
81.18811881188118
86.13861386138613
76.23762376237623
65.34653465346534
87.12871287128714
66.33663366336634
75.24752475247524
74.25742574257426
82.17821782178218
76.23762376237623
73.26732673267327
80.1980198019802
88.11881188118812
80.1980198019802
76.23762376237623
75.24752475247524
81.18811881188118
83.16831683168317
88.11881188118812
70.29702970297029
72.27722772277228
67.32673267326733
61.386138613861384
69.3069306930693
75.24752475247524
78.21782178217822
82.17821782178218
78.21782178217822
85.14851485148515
70.29702970297029
59.40594059405941
80.1980198019802
88.11881188118812
82.17821782178218
84.15841584158416
82.17821782178218
75.24752475247524
72.27722772277228
68.31683168316832
78.21782178217822
86.13861386138613
81.18811881188118
86.13861386138613
66.33663366336634
89.10891089108911
79.20792079207921
84.15841584158416
70.29702970297029
87.12871287128714
62.37623762376238
64.35643564356435
74.25742574257426
88.11881188118812
82.17821782178218
79.20792079207921
71.2871287128713
82.17821782178218
70.29702970297029
73.26732673267327
78.21782178217822
78.21782178217822
72.27722772277228
94.05940594059406
69.3069306930693
78.21782178217822
72.27722772277228
85.14851485148515
83.16831683168317
82.17821782178218
84.15841584158416
82.17821782178218
85.14851485148515
85.14851485148515
75.24752475247524
75.24752475247524
76.23762376237623
73.26732673267327
82.17821782178218
63.366336633663366
85.14851485148515
84.15841584158416
74.25742574257426
83.16831683168317
62.37623762376238
74.25742574257426
80.1980198019802
82.17821782178218
84.15841584158416
77.22772277227723
85.14851485148515
61.386138613861384
65.34653465346534
83.16831683168317
66.33663366336634
67.32673267326733
74.25742574257426
83.16831683168317
74.25742574257426
70.29702970297029
71.2871287128713
74.25742574257426
78.21782178217822
58.415841584158414
84.15841584158416
84.15841584158416
80.1980198019802
87.12871287128714
67.32673267326733
72.27722772277228
78.21782178217822
61.386138613861384
63.366336633663366
83.16831683168317
62.37623762376238
77.22772277227723
67.32673267326733
87.12871287128714
67.32673267326733
89.10891089108911
79.20792079207921
68.31683168316832
68.31683168316832
74.25742574257426
83.16831683168317
76.23762376237623
78.21782178217822
82.17821782178218
67.32673267326733
79.20792079207921
74.25742574257426
79.20792079207921
60.396039603960396
79.20792079207921
81.18811881188118
78.21782178217822
83.16831683168317
72.27722772277228
67.32673267326733
82.17821782178218
79.20792079207921
66.33663366336634
83.16831683168317
64.35643564356435
64.35643564356435
68.31683168316832
65.34653465346534
76.23762376237623
72.27722772277228
80.1980198019802
73.26732673267327
91.08910891089108
71.2871287128713
70.29702970297029
64.35643564356435
67.32673267326733
81.18811881188118
65.34653465346534
66.33663366336634
83.16831683168317
84.15841584158416
83.16831683168317
79.20792079207921
81.18811881188118
82.17821782178218
77.22772277227723
84.15841584158416
72.27722772277228
56.43564356435643
57.42574257425743
86.13861386138613
77.22772277227723
88.11881188118812
52.475247524752476
58.415841584158414
90.0990099009901
74.25742574257426
81.18811881188118
60.396039603960396
79.20792079207921
74.25742574257426
64.35643564356435
83.16831683168317
76.23762376237623
87.12871287128714
88.11881188118812
88.11881188118812
77.22772277227723
82.17821782178218
64.35643564356435
62.37623762376238
79.20792079207921
85.14851485148515
65.34653465346534
66.33663366336634
64.35643564356435
67.32673267326733
62.37623762376238
85.14851485148515
87.12871287128714
72.27722772277228
81.18811881188118
71.2871287128713
61.386138613861384
65.34653465346534
41.584158415841586
84.15841584158416
84.15841584158416
80.1980198019802
68.31683168316832
76.23762376237623
73.26732673267327
78.21782178217822
76.23762376237623
72.27722772277228
73.26732673267327
85.14851485148515
87.12871287128714
54.45544554455446
70.29702970297029
82.17821782178218
94.05940594059406
76.23762376237623
67.32673267326733
73.26732673267327
67.32673267326733
68.31683168316832
70.29702970297029
74.25742574257426
78.21782178217822
60.396039603960396
52.475247524752476
82.17821782178218
62.37623762376238
72.27722772277228
73.26732673267327
69.3069306930693
64.35643564356435
81.18811881188118
54.45544554455446
77.22772277227723
82.17821782178218
74.25742574257426
76.23762376237623
66.33663366336634
72.27722772277228
88.11881188118812
61.386138613861384
65.34653465346534
80.1980198019802
72.27722772277228
69.3069306930693
65.34653465346534
71.2871287128713
77.22772277227723
68.31683168316832
86.13861386138613
81.18811881188118
66.33663366336634
87.12871287128714
87.12871287128714
69.3069306930693
81.18811881188118
75.24752475247524
79.20792079207921
86.13861386138613
79.20792079207921
74.25742574257426
64.35643564356435
72.27722772277228
85.14851485148515
81.18811881188118
84.15841584158416
91.08910891089108
79.20792079207921
86.13861386138613
77.22772277227723
68.31683168316832
65.34653465346534
72.27722772277228
84.15841584158416
73.26732673267327
79.20792079207921
81.18811881188118
51.48514851485149
69.3069306930693
62.37623762376238
86.13861386138613
69.3069306930693
65.34653465346534
71.2871287128713
88.11881188118812
83.16831683168317
75.24752475247524
77.22772277227723
76.23762376237623
91.08910891089108
84.15841584158416
71.2871287128713
78.21782178217822
66.33663366336634
84.15841584158416
66.33663366336634
81.18811881188118
75.24752475247524
70.29702970297029
72.27722772277228
83.16831683168317
75.24752475247524
80.1980198019802
82.17821782178218
80.1980198019802
87.12871287128714
61.386138613861384
79.20792079207921
73.26732673267327
84.15841584158416
58.415841584158414
75.24752475247524
80.1980198019802
90.0990099009901
72.27722772277228
70.29702970297029
76.23762376237623
86.13861386138613
66.33663366336634
80.1980198019802
70.29702970297029
79.20792079207921
72.27722772277228
84.15841584158416
73.26732673267327
81.18811881188118
75.24752475247524
64.35643564356435
62.37623762376238
72.27722772277228
90.0990099009901
83.16831683168317
87.12871287128714
70.29702970297029
82.17821782178218
78.21782178217822
64.35643564356435
79.20792079207921
83.16831683168317
89.10891089108911
83.16831683168317
65.34653465346534
85.14851485148515
73.26732673267327
79.20792079207921
89.10891089108911
67.32673267326733
71.2871287128713
65.34653465346534
84.15841584158416
54.45544554455446
65.34653465346534
74.25742574257426
75.24752475247524
83.16831683168317
61.386138613861384
74.25742574257426
78.21782178217822
79.20792079207921
83.16831683168317
83.16831683168317
71.2871287128713
83.16831683168317
86.13861386138613
71.2871287128713
78.21782178217822
71.2871287128713
81.18811881188118
58.415841584158414
92.07920792079207
85.14851485148515
71.2871287128713
59.40594059405941
85.14851485148515
78.21782178217822
82.17821782178218
86.13861386138613
74.25742574257426
81.18811881188118
83.16831683168317
80.1980198019802
74.25742574257426
66.33663366336634
66.33663366336634
68.31683168316832
74.25742574257426
78.21782178217822
74.25742574257426
74.25742574257426
80.1980198019802
67.32673267326733
77.22772277227723
54.45544554455446
77.22772277227723
82.17821782178218
81.18811881188118
74.25742574257426
86.13861386138613
80.1980198019802
79.20792079207921
79.20792079207921
82.17821782178218
74.25742574257426
71.2871287128713
84.15841584158416
89.10891089108911
80.1980198019802
85.14851485148515
81.18811881188118
91.08910891089108
76.23762376237623
73.26732673267327
85.14851485148515
60.396039603960396
76.23762376237623
82.17821782178218
85.14851485148515
79.20792079207921
72.27722772277228
68.31683168316832
88.11881188118812
73.26732673267327
84.15841584158416
77.22772277227723
65.34653465346534
84.15841584158416
65.34653465346534
69.3069306930693
70.29702970297029
86.13861386138613
79.20792079207921
63.366336633663366
65.34653465346534
73.26732673267327
72.27722772277228
87.12871287128714
70.29702970297029
92.07920792079207
81.18811881188118
80.1980198019802
64.35643564356435
56.43564356435643
82.17821782178218
61.386138613861384
64.35643564356435
84.15841584158416
80.1980198019802
81.18811881188118
78.21782178217822
63.366336633663366
76.23762376237623
73.26732673267327
74.25742574257426
63.366336633663366
82.17821782178218
82.17821782178218
80.1980198019802
83.16831683168317
66.33663366336634
70.29702970297029
76.23762376237623
61.386138613861384
86.13861386138613
82.17821782178218
74.25742574257426
89.10891089108911
73.26732673267327
88.11881188118812
86.13861386138613
82.17821782178218
77.22772277227723
85.14851485148515
85.14851485148515
73.26732673267327
76.23762376237623
64.35643564356435
77.22772277227723
66.33663366336634
87.12871287128714
80.1980198019802
74.25742574257426
85.14851485148515
87.12871287128714
91.08910891089108
88.11881188118812
83.16831683168317
72.27722772277228
86.13861386138613
79.20792079207921
87.12871287128714
67.32673267326733
67.32673267326733
73.26732673267327
84.15841584158416
83.16831683168317
89.10891089108911
84.15841584158416
75.24752475247524
86.13861386138613
78.21782178217822
66.33663366336634
65.34653465346534
94.05940594059406
62.37623762376238
62.37623762376238
71.2871287128713
67.32673267326733
80.1980198019802
69.3069306930693
78.21782178217822
71.2871287128713
60.396039603960396
80.1980198019802
72.27722772277228
76.23762376237623
84.15841584158416
87.12871287128714
77.22772277227723
64.35643564356435
92.07920792079207
74.25742574257426
81.18811881188118
74.25742574257426
82.17821782178218
75.24752475247524
84.15841584158416
83.16831683168317
89.10891089108911
53.46534653465346
78.21782178217822
69.3069306930693
81.18811881188118
85.14851485148515
70.29702970297029
87.12871287128714
89.10891089108911
81.18811881188118
83.16831683168317
71.2871287128713
88.11881188118812
67.32673267326733
92.07920792079207
82.17821782178218
93.06930693069307
67.32673267326733
80.1980198019802
60.396039603960396
81.18811881188118
77.22772277227723
77.22772277227723
58.415841584158414
83.16831683168317
80.1980198019802
82.17821782178218
70.29702970297029
77.22772277227723
83.16831683168317
85.14851485148515
84.15841584158416
88.11881188118812
71.2871287128713
93.06930693069307
67.32673267326733
81.18811881188118
70.29702970297029
86.13861386138613
83.16831683168317
76.23762376237623
80.1980198019802
59.40594059405941
76.23762376237623
80.1980198019802
82.17821782178218
78.21782178217822
71.2871287128713
78.21782178217822
77.22772277227723
79.20792079207921
87.12871287128714
67.32673267326733
82.17821782178218
65.34653465346534
84.15841584158416
74.25742574257426
70.29702970297029
68.31683168316832
71.2871287128713
82.17821782178218
55.445544554455445
82.17821782178218
67.32673267326733
90.0990099009901
67.32673267326733
86.13861386138613
74.25742574257426
65.34653465346534
70.29702970297029
63.366336633663366
71.2871287128713
85.14851485148515
72.27722772277228
80.1980198019802
69.3069306930693
68.31683168316832
90.0990099009901
90.0990099009901
54.45544554455446
78.21782178217822
73.26732673267327
73.26732673267327
66.33663366336634
84.15841584158416
79.20792079207921
80.1980198019802
81.18811881188118
60.396039603960396
70.29702970297029
75.24752475247524
82.17821782178218
87.12871287128714
73.26732673267327
66.33663366336634
76.23762376237623
75.24752475247524
77.22772277227723
71.2871287128713
59.40594059405941
81.18811881188118
71.2871287128713
90.0990099009901
82.17821782178218
60.396039603960396
67.32673267326733
70.29702970297029
79.20792079207921
64.35643564356435
72.27722772277228
80.1980198019802
79.20792079207921
83.16831683168317
82.17821782178218
81.18811881188118
73.26732673267327
84.15841584158416
84.15841584158416
68.31683168316832
87.12871287128714
83.16831683168317
74.25742574257426
93.06930693069307
82.17821782178218
87.12871287128714
69.3069306930693
75.24752475247524
85.14851485148515
65.34653465346534
80.1980198019802
72.27722772277228
82.17821782178218
70.29702970297029
80.1980198019802
83.16831683168317
73.26732673267327
77.22772277227723
87.12871287128714
77.22772277227723
83.16831683168317
79.20792079207921
47.524752475247524
