80.1980198019802
79.20792079207921
67.32673267326733
76.23762376237623
90.0990099009901
80.1980198019802
88.11881188118812
69.3069306930693
86.13861386138613
81.18811881188118
79.20792079207921
79.20792079207921
89.10891089108911
78.21782178217822
78.21782178217822
70.29702970297029
63.366336633663366
56.43564356435643
74.25742574257426
79.20792079207921
82.17821782178218
69.3069306930693
62.37623762376238
67.32673267326733
71.2871287128713
90.0990099009901
57.42574257425743
79.20792079207921
65.34653465346534
66.33663366336634
84.15841584158416
82.17821782178218
84.15841584158416
82.17821782178218
88.11881188118812
77.22772277227723
66.33663366336634
71.2871287128713
81.18811881188118
71.2871287128713
83.16831683168317
80.1980198019802
84.15841584158416
69.3069306930693
71.2871287128713
79.20792079207921
80.1980198019802
68.31683168316832
91.08910891089108
86.13861386138613
91.08910891089108
71.2871287128713
70.29702970297029
66.33663366336634
72.27722772277228
65.34653465346534
81.18811881188118
78.21782178217822
66.33663366336634
75.24752475247524
67.32673267326733
71.2871287128713
70.29702970297029
73.26732673267327
77.22772277227723
62.37623762376238
85.14851485148515
92.07920792079207
74.25742574257426
66.33663366336634
77.22772277227723
74.25742574257426
88.11881188118812
85.14851485148515
79.20792079207921
75.24752475247524
82.17821782178218
77.22772277227723
57.42574257425743
90.0990099009901
79.20792079207921
79.20792079207921
67.32673267326733
83.16831683168317
90.0990099009901
87.12871287128714
73.26732673267327
88.11881188118812
82.17821782178218
81.18811881188118
75.24752475247524
79.20792079207921
78.21782178217822
77.22772277227723
82.17821782178218
88.11881188118812
90.0990099009901
74.25742574257426
88.11881188118812
79.20792079207921
86.13861386138613
71.2871287128713
71.2871287128713
73.26732673267327
70.29702970297029
82.17821782178218
66.33663366336634
73.26732673267327
83.16831683168317
90.0990099009901
86.13861386138613
81.18811881188118
61.386138613861384
76.23762376237623
71.2871287128713
78.21782178217822
73.26732673267327
65.34653465346534
64.35643564356435
74.25742574257426
81.18811881188118
78.21782178217822
88.11881188118812
85.14851485148515
86.13861386138613
62.37623762376238
76.23762376237623
73.26732673267327
71.2871287128713
76.23762376237623
66.33663366336634
77.22772277227723
61.386138613861384
86.13861386138613
53.46534653465346
59.40594059405941
74.25742574257426
82.17821782178218
80.1980198019802
91.08910891089108
77.22772277227723
80.1980198019802
88.11881188118812
85.14851485148515
83.16831683168317
80.1980198019802
71.2871287128713
78.21782178217822
74.25742574257426
62.37623762376238
77.22772277227723
81.18811881188118
79.20792079207921
60.396039603960396
83.16831683168317
80.1980198019802
80.1980198019802
77.22772277227723
82.17821782178218
67.32673267326733
72.27722772277228
85.14851485148515
78.21782178217822
80.1980198019802
80.1980198019802
82.17821782178218
66.33663366336634
72.27722772277228
70.29702970297029
65.34653465346534
57.42574257425743
68.31683168316832
88.11881188118812
82.17821782178218
87.12871287128714
81.18811881188118
82.17821782178218
61.386138613861384
94.05940594059406
83.16831683168317
68.31683168316832
88.11881188118812
83.16831683168317
80.1980198019802
87.12871287128714
79.20792079207921
75.24752475247524
83.16831683168317
82.17821782178218
74.25742574257426
64.35643564356435
84.15841584158416
91.08910891089108
82.17821782178218
77.22772277227723
75.24752475247524
80.1980198019802
87.12871287128714
74.25742574257426
83.16831683168317
78.21782178217822
83.16831683168317
67.32673267326733
72.27722772277228
78.21782178217822
72.27722772277228
91.08910891089108
66.33663366336634
79.20792079207921
84.15841584158416
78.21782178217822
75.24752475247524
46.53465346534654
64.35643564356435
70.29702970297029
48.51485148514851
58.415841584158414
69.3069306930693
78.21782178217822
78.21782178217822
77.22772277227723
85.14851485148515
82.17821782178218
79.20792079207921
73.26732673267327
80.1980198019802
81.18811881188118
75.24752475247524
80.1980198019802
69.3069306930693
80.1980198019802
87.12871287128714
59.40594059405941
69.3069306930693
83.16831683168317
72.27722772277228
88.11881188118812
72.27722772277228
71.2871287128713
73.26732673267327
74.25742574257426
67.32673267326733
77.22772277227723
81.18811881188118
66.33663366336634
80.1980198019802
84.15841584158416
68.31683168316832
85.14851485148515
70.29702970297029
70.29702970297029
74.25742574257426
66.33663366336634
73.26732673267327
59.40594059405941
81.18811881188118
69.3069306930693
70.29702970297029
78.21782178217822
59.40594059405941
75.24752475247524
71.2871287128713
84.15841584158416
74.25742574257426
82.17821782178218
92.07920792079207
80.1980198019802
49.504950495049506
83.16831683168317
70.29702970297029
68.31683168316832
66.33663366336634
82.17821782178218
77.22772277227723
64.35643564356435
80.1980198019802
70.29702970297029
61.386138613861384
68.31683168316832
68.31683168316832
82.17821782178218
85.14851485148515
86.13861386138613
75.24752475247524
76.23762376237623
76.23762376237623
81.18811881188118
76.23762376237623
87.12871287128714
85.14851485148515
63.366336633663366
68.31683168316832
62.37623762376238
65.34653465346534
83.16831683168317
71.2871287128713
87.12871287128714
76.23762376237623
68.31683168316832
66.33663366336634
75.24752475247524
68.31683168316832
69.3069306930693
65.34653465346534
61.386138613861384
74.25742574257426
70.29702970297029
81.18811881188118
80.1980198019802
84.15841584158416
89.10891089108911
87.12871287128714
85.14851485148515
85.14851485148515
83.16831683168317
79.20792079207921
72.27722772277228
80.1980198019802
79.20792079207921
81.18811881188118
69.3069306930693
63.366336633663366
73.26732673267327
75.24752475247524
75.24752475247524
86.13861386138613
91.08910891089108
90.0990099009901
69.3069306930693
79.20792079207921
75.24752475247524
78.21782178217822
68.31683168316832
65.34653465346534
71.2871287128713
83.16831683168317
82.17821782178218
71.2871287128713
71.2871287128713
74.25742574257426
73.26732673267327
69.3069306930693
54.45544554455446
67.32673267326733
60.396039603960396
82.17821782178218
65.34653465346534
70.29702970297029
84.15841584158416
79.20792079207921
77.22772277227723
73.26732673267327
76.23762376237623
83.16831683168317
69.3069306930693
82.17821782178218
71.2871287128713
87.12871287128714
91.08910891089108
69.3069306930693
70.29702970297029
65.34653465346534
80.1980198019802
75.24752475247524
81.18811881188118
77.22772277227723
64.35643564356435
79.20792079207921
84.15841584158416
59.40594059405941
88.11881188118812
76.23762376237623
71.2871287128713
84.15841584158416
79.20792079207921
81.18811881188118
80.1980198019802
79.20792079207921
82.17821782178218
81.18811881188118
73.26732673267327
66.33663366336634
86.13861386138613
77.22772277227723
32.67326732673267
68.31683168316832
81.18811881188118
76.23762376237623
84.15841584158416
68.31683168316832
65.34653465346534
83.16831683168317
85.14851485148515
82.17821782178218
70.29702970297029
70.29702970297029
73.26732673267327
87.12871287128714
72.27722772277228
80.1980198019802
77.22772277227723
59.40594059405941
84.15841584158416
79.20792079207921
83.16831683168317
82.17821782178218
83.16831683168317
75.24752475247524
66.33663366336634
76.23762376237623
61.386138613861384
82.17821782178218
72.27722772277228
75.24752475247524
62.37623762376238
96.03960396039604
85.14851485148515
74.25742574257426
73.26732673267327
82.17821782178218
76.23762376237623
70.29702970297029
79.20792079207921
84.15841584158416
70.29702970297029
67.32673267326733
78.21782178217822
87.12871287128714
71.2871287128713
68.31683168316832
66.33663366336634
51.48514851485149
74.25742574257426
70.29702970297029
79.20792079207921
79.20792079207921
81.18811881188118
72.27722772277228
80.1980198019802
60.396039603960396
70.29702970297029
91.08910891089108
80.1980198019802
87.12871287128714
72.27722772277228
69.3069306930693
72.27722772277228
81.18811881188118
71.2871287128713
69.3069306930693
84.15841584158416
85.14851485148515
67.32673267326733
64.35643564356435
83.16831683168317
91.08910891089108
72.27722772277228
63.366336633663366
87.12871287128714
86.13861386138613
73.26732673267327
80.1980198019802
87.12871287128714
80.1980198019802
68.31683168316832
83.16831683168317
84.15841584158416
63.366336633663366
67.32673267326733
93.06930693069307
70.29702970297029
70.29702970297029
73.26732673267327
70.29702970297029
76.23762376237623
60.396039603960396
82.17821782178218
78.21782178217822
84.15841584158416
82.17821782178218
63.366336633663366
81.18811881188118
79.20792079207921
77.22772277227723
85.14851485148515
87.12871287128714
75.24752475247524
63.366336633663366
73.26732673267327
68.31683168316832
54.45544554455446
60.396039603960396
82.17821782178218
71.2871287128713
73.26732673267327
82.17821782178218
57.42574257425743
75.24752475247524
92.07920792079207
87.12871287128714
70.29702970297029
79.20792079207921
72.27722772277228
82.17821782178218
81.18811881188118
82.17821782178218
75.24752475247524
86.13861386138613
64.35643564356435
79.20792079207921
87.12871287128714
69.3069306930693
75.24752475247524
81.18811881188118
91.08910891089108
84.15841584158416
89.10891089108911
84.15841584158416
73.26732673267327
68.31683168316832
82.17821782178218
84.15841584158416
85.14851485148515
84.15841584158416
79.20792079207921
81.18811881188118
82.17821782178218
58.415841584158414
81.18811881188118
75.24752475247524
68.31683168316832
66.33663366336634
84.15841584158416
75.24752475247524
86.13861386138613
68.31683168316832
81.18811881188118
83.16831683168317
81.18811881188118
63.366336633663366
83.16831683168317
89.10891089108911
76.23762376237623
70.29702970297029
79.20792079207921
77.22772277227723
72.27722772277228
66.33663366336634
83.16831683168317
79.20792079207921
61.386138613861384
74.25742574257426
71.2871287128713
62.37623762376238
83.16831683168317
70.29702970297029
74.25742574257426
74.25742574257426
84.15841584158416
71.2871287128713
76.23762376237623
77.22772277227723
83.16831683168317
84.15841584158416
81.18811881188118
76.23762376237623
84.15841584158416
73.26732673267327
79.20792079207921
81.18811881188118
73.26732673267327
75.24752475247524
66.33663366336634
73.26732673267327
73.26732673267327
74.25742574257426
75.24752475247524
73.26732673267327
85.14851485148515
80.1980198019802
75.24752475247524
90.0990099009901
74.25742574257426
68.31683168316832
77.22772277227723
77.22772277227723
85.14851485148515
62.37623762376238
84.15841584158416
72.27722772277228
84.15841584158416
55.445544554455445
85.14851485148515
59.40594059405941
91.08910891089108
69.3069306930693
68.31683168316832
72.27722772277228
85.14851485148515
85.14851485148515
59.40594059405941
84.15841584158416
85.14851485148515
59.40594059405941
62.37623762376238
71.2871287128713
81.18811881188118
87.12871287128714
73.26732673267327
82.17821782178218
54.45544554455446
73.26732673267327
77.22772277227723
72.27722772277228
74.25742574257426
66.33663366336634
78.21782178217822
80.1980198019802
70.29702970297029
71.2871287128713
82.17821782178218
63.366336633663366
71.2871287128713
70.29702970297029
78.21782178217822
84.15841584158416
84.15841584158416
53.46534653465346
81.18811881188118
72.27722772277228
86.13861386138613
65.34653465346534
56.43564356435643
82.17821782178218
73.26732673267327
68.31683168316832
82.17821782178218
84.15841584158416
52.475247524752476
80.1980198019802
74.25742574257426
69.3069306930693
63.366336633663366
71.2871287128713
73.26732673267327
61.386138613861384
69.3069306930693
79.20792079207921
84.15841584158416
80.1980198019802
63.366336633663366
84.15841584158416
77.22772277227723
65.34653465346534
72.27722772277228
67.32673267326733
85.14851485148515
70.29702970297029
85.14851485148515
69.3069306930693
65.34653465346534
89.10891089108911
70.29702970297029
84.15841584158416
81.18811881188118
83.16831683168317
85.14851485148515
81.18811881188118
72.27722772277228
76.23762376237623
80.1980198019802
80.1980198019802
88.11881188118812
80.1980198019802
71.2871287128713
63.366336633663366
68.31683168316832
85.14851485148515
82.17821782178218
81.18811881188118
75.24752475247524
69.3069306930693
66.33663366336634
79.20792079207921
81.18811881188118
82.17821782178218
77.22772277227723
80.1980198019802
71.2871287128713
70.29702970297029
84.15841584158416
91.08910891089108
78.21782178217822
84.15841584158416
82.17821782178218
80.1980198019802
86.13861386138613
84.15841584158416
82.17821782178218
70.29702970297029
83.16831683168317
66.33663366336634
67.32673267326733
56.43564356435643
66.33663366336634
78.21782178217822
78.21782178217822
73.26732673267327
56.43564356435643
79.20792079207921
66.33663366336634
88.11881188118812
81.18811881188118
70.29702970297029
89.10891089108911
75.24752475247524
82.17821782178218
83.16831683168317
72.27722772277228
85.14851485148515
77.22772277227723
71.2871287128713
78.21782178217822
70.29702970297029
84.15841584158416
81.18811881188118
82.17821782178218
76.23762376237623
79.20792079207921
73.26732673267327
62.37623762376238
60.396039603960396
65.34653465346534
77.22772277227723
82.17821782178218
81.18811881188118
60.396039603960396
84.15841584158416
78.21782178217822
70.29702970297029
61.386138613861384
88.11881188118812
85.14851485148515
66.33663366336634
84.15841584158416
66.33663366336634
73.26732673267327
51.48514851485149
79.20792079207921
82.17821782178218
77.22772277227723
81.18811881188118
80.1980198019802
85.14851485148515
62.37623762376238
48.51485148514851
85.14851485148515
70.29702970297029
81.18811881188118
74.25742574257426
83.16831683168317
85.14851485148515
88.11881188118812
74.25742574257426
63.366336633663366
67.32673267326733
88.11881188118812
83.16831683168317
85.14851485148515
80.1980198019802
67.32673267326733
67.32673267326733
74.25742574257426
72.27722772277228
59.40594059405941
74.25742574257426
64.35643564356435
80.1980198019802
83.16831683168317
67.32673267326733
69.3069306930693
73.26732673267327
75.24752475247524
87.12871287128714
58.415841584158414
80.1980198019802
77.22772277227723
76.23762376237623
80.1980198019802
83.16831683168317
71.2871287128713
83.16831683168317
86.13861386138613
85.14851485148515
86.13861386138613
79.20792079207921
89.10891089108911
61.386138613861384
84.15841584158416
77.22772277227723
81.18811881188118
81.18811881188118
82.17821782178218
82.17821782178218
88.11881188118812
55.445544554455445
89.10891089108911
75.24752475247524
61.386138613861384
53.46534653465346
64.35643564356435
77.22772277227723
78.21782178217822
64.35643564356435
64.35643564356435
78.21782178217822
76.23762376237623
70.29702970297029
73.26732673267327
46.53465346534654
86.13861386138613
67.32673267326733
80.1980198019802
81.18811881188118
83.16831683168317
80.1980198019802
79.20792079207921
66.33663366336634
73.26732673267327
70.29702970297029
81.18811881188118
84.15841584158416
70.29702970297029
81.18811881188118
80.1980198019802
54.45544554455446
68.31683168316832
82.17821782178218
69.3069306930693
78.21782178217822
59.40594059405941
84.15841584158416
84.15841584158416
76.23762376237623
82.17821782178218
75.24752475247524
70.29702970297029
87.12871287128714
61.386138613861384
79.20792079207921
72.27722772277228
82.17821782178218
88.11881188118812
79.20792079207921
88.11881188118812
77.22772277227723
79.20792079207921
75.24752475247524
79.20792079207921
87.12871287128714
81.18811881188118
81.18811881188118
81.18811881188118
82.17821782178218
72.27722772277228
82.17821782178218
78.21782178217822
71.2871287128713
70.29702970297029
85.14851485148515
78.21782178217822
82.17821782178218
78.21782178217822
79.20792079207921
69.3069306930693
82.17821782178218
61.386138613861384
79.20792079207921
69.3069306930693
71.2871287128713
72.27722772277228
72.27722772277228
85.14851485148515
86.13861386138613
87.12871287128714
73.26732673267327
74.25742574257426
78.21782178217822
84.15841584158416
80.1980198019802
41.584158415841586
84.15841584158416
84.15841584158416
82.17821782178218
67.32673267326733
82.17821782178218
87.12871287128714
88.11881188118812
87.12871287128714
82.17821782178218
78.21782178217822
81.18811881188118
74.25742574257426
69.3069306930693
74.25742574257426
79.20792079207921
81.18811881188118
87.12871287128714
81.18811881188118
85.14851485148515
83.16831683168317
72.27722772277228
65.34653465346534
65.34653465346534
82.17821782178218
83.16831683168317
70.29702970297029
73.26732673267327
74.25742574257426
80.1980198019802
87.12871287128714
79.20792079207921
70.29702970297029
83.16831683168317
66.33663366336634
64.35643564356435
83.16831683168317
71.2871287128713
66.33663366336634
86.13861386138613
83.16831683168317
86.13861386138613
80.1980198019802
94.05940594059406
85.14851485148515
71.2871287128713
81.18811881188118
81.18811881188118
86.13861386138613
74.25742574257426
87.12871287128714
76.23762376237623
70.29702970297029
67.32673267326733
79.20792079207921
66.33663366336634
81.18811881188118
63.366336633663366
86.13861386138613
79.20792079207921
84.15841584158416
82.17821782178218
82.17821782178218
80.1980198019802
64.35643564356435
68.31683168316832
60.396039603960396
78.21782178217822
79.20792079207921
82.17821782178218
83.16831683168317
58.415841584158414
79.20792079207921
79.20792079207921
69.3069306930693
84.15841584158416
84.15841584158416
82.17821782178218
82.17821782178218
88.11881188118812
71.2871287128713
69.3069306930693
84.15841584158416
74.25742574257426
81.18811881188118
85.14851485148515
84.15841584158416
65.34653465346534
82.17821782178218
70.29702970297029
77.22772277227723
70.29702970297029
79.20792079207921
60.396039603960396
75.24752475247524
87.12871287128714
88.11881188118812
67.32673267326733
79.20792079207921
86.13861386138613
75.24752475247524
72.27722772277228
83.16831683168317
67.32673267326733
62.37623762376238
85.14851485148515
79.20792079207921
79.20792079207921
82.17821782178218
76.23762376237623
75.24752475247524
71.2871287128713
71.2871287128713
79.20792079207921
75.24752475247524
84.15841584158416
85.14851485148515
72.27722772277228
68.31683168316832
80.1980198019802
57.42574257425743
84.15841584158416
87.12871287128714
85.14851485148515
69.3069306930693
76.23762376237623
82.17821782178218
81.18811881188118
86.13861386138613
74.25742574257426
85.14851485148515
87.12871287128714
71.2871287128713
77.22772277227723
84.15841584158416
83.16831683168317
73.26732673267327
86.13861386138613
70.29702970297029
82.17821782178218
75.24752475247524
83.16831683168317
80.1980198019802
70.29702970297029
71.2871287128713
78.21782178217822
87.12871287128714
70.29702970297029
81.18811881188118
88.11881188118812
63.366336633663366
67.32673267326733
80.1980198019802
91.08910891089108
89.10891089108911
67.32673267326733
81.18811881188118
65.34653465346534
88.11881188118812
81.18811881188118
65.34653465346534
68.31683168316832
71.2871287128713
72.27722772277228
64.35643564356435
76.23762376237623
83.16831683168317
84.15841584158416
88.11881188118812
66.33663366336634
81.18811881188118
84.15841584158416
65.34653465346534
59.40594059405941
73.26732673267327
62.37623762376238
71.2871287128713
70.29702970297029
82.17821782178218
81.18811881188118
82.17821782178218
85.14851485148515
73.26732673267327
85.14851485148515
75.24752475247524
90.0990099009901
72.27722772277228
57.42574257425743
81.18811881188118
71.2871287128713
87.12871287128714
67.32673267326733
80.1980198019802
87.12871287128714
80.1980198019802
62.37623762376238
88.11881188118812
79.20792079207921
85.14851485148515
90.0990099009901
80.1980198019802
74.25742574257426
82.17821782178218
77.22772277227723
70.29702970297029
84.15841584158416
82.17821782178218
60.396039603960396
77.22772277227723
81.18811881188118
73.26732673267327
62.37623762376238
78.21782178217822
70.29702970297029
82.17821782178218
76.23762376237623
92.07920792079207
65.34653465346534
70.29702970297029
75.24752475247524
71.2871287128713
68.31683168316832
74.25742574257426
73.26732673267327
77.22772277227723
63.366336633663366
90.0990099009901
69.3069306930693
68.31683168316832
77.22772277227723
88.11881188118812
87.12871287128714
77.22772277227723
79.20792079207921
73.26732673267327
80.1980198019802
69.3069306930693
78.21782178217822
82.17821782178218
72.27722772277228
86.13861386138613
83.16831683168317
63.366336633663366
61.386138613861384
66.33663366336634
69.3069306930693
66.33663366336634
87.12871287128714
70.29702970297029
91.08910891089108
60.396039603960396
81.18811881188118
87.12871287128714
67.32673267326733
63.366336633663366
66.33663366336634
82.17821782178218
79.20792079207921
72.27722772277228
83.16831683168317
77.22772277227723
91.08910891089108
65.34653465346534
65.34653465346534
78.21782178217822
85.14851485148515
75.24752475247524
73.26732673267327
82.17821782178218
77.22772277227723
80.1980198019802
74.25742574257426
83.16831683168317
66.33663366336634
77.22772277227723
46.53465346534654
86.13861386138613
76.23762376237623
87.12871287128714
81.18811881188118
91.08910891089108
93.06930693069307
68.31683168316832
85.14851485148515
79.20792079207921
84.15841584158416
89.10891089108911
70.29702970297029
66.33663366336634
71.2871287128713
72.27722772277228
85.14851485148515
82.17821782178218
80.1980198019802
75.24752475247524
80.1980198019802
67.32673267326733
64.35643564356435
64.35643564356435
66.33663366336634
79.20792079207921
65.34653465346534
79.20792079207921
73.26732673267327
76.23762376237623
75.24752475247524
79.20792079207921
85.14851485148515
78.21782178217822
86.13861386138613
71.2871287128713
87.12871287128714
71.2871287128713
83.16831683168317
77.22772277227723
72.27722772277228
82.17821782178218
77.22772277227723
84.15841584158416
62.37623762376238
74.25742574257426
75.24752475247524
77.22772277227723
87.12871287128714
72.27722772277228
79.20792079207921
62.37623762376238
73.26732673267327
84.15841584158416
72.27722772277228
63.366336633663366
64.35643564356435
78.21782178217822
85.14851485148515
89.10891089108911
75.24752475247524
76.23762376237623
70.29702970297029
89.10891089108911
87.12871287128714
85.14851485148515
78.21782178217822
77.22772277227723
75.24752475247524
76.23762376237623
74.25742574257426
64.35643564356435
77.22772277227723
84.15841584158416
83.16831683168317
76.23762376237623
77.22772277227723
84.15841584158416
63.366336633663366
88.11881188118812
77.22772277227723
83.16831683168317
60.396039603960396
86.13861386138613
74.25742574257426
76.23762376237623
76.23762376237623
76.23762376237623
69.3069306930693
86.13861386138613
71.2871287128713
88.11881188118812
80.1980198019802
79.20792079207921
77.22772277227723
77.22772277227723
77.22772277227723
76.23762376237623
73.26732673267327
83.16831683168317
65.34653465346534
79.20792079207921
84.15841584158416
77.22772277227723
83.16831683168317
75.24752475247524
68.31683168316832
67.32673267326733
84.15841584158416
76.23762376237623
81.18811881188118
83.16831683168317
79.20792079207921
75.24752475247524
67.32673267326733
81.18811881188118
62.37623762376238
83.16831683168317
86.13861386138613
80.1980198019802
61.386138613861384
67.32673267326733
71.2871287128713
88.11881188118812
88.11881188118812
82.17821782178218
77.22772277227723
70.29702970297029
79.20792079207921
87.12871287128714
73.26732673267327
84.15841584158416
84.15841584158416
79.20792079207921
80.1980198019802
84.15841584158416
65.34653465346534
80.1980198019802
84.15841584158416
68.31683168316832
80.1980198019802
70.29702970297029
44.554455445544555
78.21782178217822
81.18811881188118
78.21782178217822
87.12871287128714
70.29702970297029
67.32673267326733
81.18811881188118
67.32673267326733
84.15841584158416
83.16831683168317
80.1980198019802
80.1980198019802
89.10891089108911
59.40594059405941
80.1980198019802
78.21782178217822
77.22772277227723
77.22772277227723
75.24752475247524
67.32673267326733
83.16831683168317
67.32673267326733
69.3069306930693
67.32673267326733
57.42574257425743
65.34653465346534
59.40594059405941
66.33663366336634
71.2871287128713
78.21782178217822
79.20792079207921
84.15841584158416
63.366336633663366
87.12871287128714
69.3069306930693
88.11881188118812
69.3069306930693
77.22772277227723
69.3069306930693
83.16831683168317
87.12871287128714
70.29702970297029
91.08910891089108
84.15841584158416
87.12871287128714
78.21782178217822
70.29702970297029
86.13861386138613
65.34653465346534
82.17821782178218
86.13861386138613
77.22772277227723
73.26732673267327
86.13861386138613
83.16831683168317
81.18811881188118
77.22772277227723
77.22772277227723
79.20792079207921
62.37623762376238
81.18811881188118
81.18811881188118
51.48514851485149
72.27722772277228
92.07920792079207
89.10891089108911
68.31683168316832
84.15841584158416
89.10891089108911
85.14851485148515
81.18811881188118
66.33663366336634
85.14851485148515
75.24752475247524
66.33663366336634
81.18811881188118
61.386138613861384
75.24752475247524
84.15841584158416
75.24752475247524
73.26732673267327
77.22772277227723
72.27722772277228
87.12871287128714
81.18811881188118
89.10891089108911
80.1980198019802
81.18811881188118
77.22772277227723
76.23762376237623
80.1980198019802
85.14851485148515
87.12871287128714
74.25742574257426
67.32673267326733
64.35643564356435
83.16831683168317
80.1980198019802
69.3069306930693
66.33663366336634
53.46534653465346
73.26732673267327
71.2871287128713
68.31683168316832
86.13861386138613
79.20792079207921
85.14851485148515
69.3069306930693
56.43564356435643
79.20792079207921
77.22772277227723
71.2871287128713
69.3069306930693
63.366336633663366
76.23762376237623
85.14851485148515
69.3069306930693
90.0990099009901
62.37623762376238
68.31683168316832
