81.18811881188118
88.11881188118812
91.08910891089108
66.33663366336634
89.10891089108911
75.24752475247524
94.05940594059406
71.2871287128713
94.05940594059406
91.08910891089108
84.15841584158416
89.10891089108911
88.11881188118812
85.14851485148515
85.14851485148515
82.17821782178218
83.16831683168317
92.07920792079207
81.18811881188118
74.25742574257426
74.25742574257426
71.2871287128713
88.11881188118812
80.1980198019802
71.2871287128713
83.16831683168317
75.24752475247524
84.15841584158416
70.29702970297029
70.29702970297029
72.27722772277228
80.1980198019802
89.10891089108911
80.1980198019802
85.14851485148515
73.26732673267327
92.07920792079207
86.13861386138613
78.21782178217822
84.15841584158416
84.15841584158416
78.21782178217822
73.26732673267327
78.21782178217822
94.05940594059406
83.16831683168317
86.13861386138613
89.10891089108911
88.11881188118812
85.14851485148515
74.25742574257426
75.24752475247524
91.08910891089108
70.29702970297029
83.16831683168317
83.16831683168317
85.14851485148515
92.07920792079207
78.21782178217822
93.06930693069307
68.31683168316832
74.25742574257426
74.25742574257426
76.23762376237623
90.0990099009901
78.21782178217822
62.37623762376238
81.18811881188118
92.07920792079207
73.26732673267327
83.16831683168317
87.12871287128714
94.05940594059406
85.14851485148515
87.12871287128714
80.1980198019802
89.10891089108911
86.13861386138613
85.14851485148515
85.14851485148515
76.23762376237623
73.26732673267327
71.2871287128713
59.40594059405941
84.15841584158416
84.15841584158416
84.15841584158416
93.06930693069307
88.11881188118812
90.0990099009901
79.20792079207921
91.08910891089108
73.26732673267327
72.27722772277228
87.12871287128714
72.27722772277228
84.15841584158416
79.20792079207921
91.08910891089108
91.08910891089108
85.14851485148515
89.10891089108911
72.27722772277228
93.06930693069307
85.14851485148515
76.23762376237623
92.07920792079207
89.10891089108911
83.16831683168317
92.07920792079207
80.1980198019802
79.20792079207921
66.33663366336634
76.23762376237623
86.13861386138613
77.22772277227723
87.12871287128714
92.07920792079207
80.1980198019802
89.10891089108911
90.0990099009901
82.17821782178218
48.51485148514851
60.396039603960396
80.1980198019802
93.06930693069307
91.08910891089108
87.12871287128714
84.15841584158416
72.27722772277228
87.12871287128714
74.25742574257426
90.0990099009901
91.08910891089108
76.23762376237623
86.13861386138613
85.14851485148515
84.15841584158416
72.27722772277228
91.08910891089108
83.16831683168317
91.08910891089108
72.27722772277228
77.22772277227723
85.14851485148515
88.11881188118812
69.3069306930693
83.16831683168317
90.0990099009901
74.25742574257426
92.07920792079207
75.24752475247524
92.07920792079207
80.1980198019802
89.10891089108911
93.06930693069307
69.3069306930693
84.15841584158416
87.12871287128714
87.12871287128714
85.14851485148515
83.16831683168317
70.29702970297029
78.21782178217822
84.15841584158416
74.25742574257426
72.27722772277228
87.12871287128714
82.17821782178218
89.10891089108911
85.14851485148515
80.1980198019802
73.26732673267327
85.14851485148515
90.0990099009901
74.25742574257426
90.0990099009901
89.10891089108911
87.12871287128714
75.24752475247524
85.14851485148515
88.11881188118812
89.10891089108911
85.14851485148515
85.14851485148515
75.24752475247524
86.13861386138613
68.31683168316832
89.10891089108911
69.3069306930693
73.26732673267327
71.2871287128713
72.27722772277228
87.12871287128714
92.07920792079207
70.29702970297029
87.12871287128714
81.18811881188118
74.25742574257426
74.25742574257426
86.13861386138613
81.18811881188118
88.11881188118812
73.26732673267327
70.29702970297029
82.17821782178218
73.26732673267327
88.11881188118812
69.3069306930693
87.12871287128714
83.16831683168317
85.14851485148515
82.17821782178218
91.08910891089108
90.0990099009901
64.35643564356435
71.2871287128713
76.23762376237623
84.15841584158416
67.32673267326733
73.26732673267327
89.10891089108911
75.24752475247524
87.12871287128714
74.25742574257426
91.08910891089108
82.17821782178218
87.12871287128714
89.10891089108911
85.14851485148515
88.11881188118812
89.10891089108911
87.12871287128714
91.08910891089108
81.18811881188118
71.2871287128713
70.29702970297029
86.13861386138613
72.27722772277228
85.14851485148515
79.20792079207921
74.25742574257426
89.10891089108911
78.21782178217822
89.10891089108911
87.12871287128714
84.15841584158416
86.13861386138613
80.1980198019802
81.18811881188118
83.16831683168317
84.15841584158416
80.1980198019802
84.15841584158416
67.32673267326733
88.11881188118812
92.07920792079207
87.12871287128714
79.20792079207921
84.15841584158416
77.22772277227723
90.0990099009901
95.04950495049505
81.18811881188118
88.11881188118812
85.14851485148515
73.26732673267327
89.10891089108911
85.14851485148515
89.10891089108911
79.20792079207921
68.31683168316832
87.12871287128714
91.08910891089108
90.0990099009901
80.1980198019802
81.18811881188118
86.13861386138613
87.12871287128714
65.34653465346534
83.16831683168317
65.34653465346534
84.15841584158416
75.24752475247524
87.12871287128714
82.17821782178218
88.11881188118812
85.14851485148515
86.13861386138613
85.14851485148515
84.15841584158416
88.11881188118812
86.13861386138613
83.16831683168317
85.14851485148515
81.18811881188118
68.31683168316832
86.13861386138613
91.08910891089108
89.10891089108911
74.25742574257426
85.14851485148515
87.12871287128714
73.26732673267327
75.24752475247524
71.2871287128713
84.15841584158416
75.24752475247524
80.1980198019802
87.12871287128714
50.495049504950494
86.13861386138613
85.14851485148515
69.3069306930693
88.11881188118812
75.24752475247524
84.15841584158416
87.12871287128714
88.11881188118812
74.25742574257426
84.15841584158416
72.27722772277228
76.23762376237623
80.1980198019802
85.14851485148515
91.08910891089108
90.0990099009901
71.2871287128713
63.366336633663366
73.26732673267327
69.3069306930693
80.1980198019802
79.20792079207921
88.11881188118812
69.3069306930693
77.22772277227723
87.12871287128714
76.23762376237623
88.11881188118812
80.1980198019802
92.07920792079207
92.07920792079207
80.1980198019802
84.15841584158416
85.14851485148515
88.11881188118812
69.3069306930693
92.07920792079207
88.11881188118812
86.13861386138613
83.16831683168317
85.14851485148515
87.12871287128714
65.34653465346534
88.11881188118812
81.18811881188118
86.13861386138613
75.24752475247524
79.20792079207921
91.08910891089108
84.15841584158416
87.12871287128714
91.08910891089108
86.13861386138613
93.06930693069307
83.16831683168317
73.26732673267327
74.25742574257426
81.18811881188118
70.29702970297029
91.08910891089108
73.26732673267327
72.27722772277228
81.18811881188118
82.17821782178218
88.11881188118812
89.10891089108911
85.14851485148515
91.08910891089108
86.13861386138613
85.14851485148515
78.21782178217822
83.16831683168317
71.2871287128713
94.05940594059406
86.13861386138613
86.13861386138613
70.29702970297029
89.10891089108911
83.16831683168317
72.27722772277228
85.14851485148515
83.16831683168317
95.04950495049505
89.10891089108911
75.24752475247524
86.13861386138613
69.3069306930693
72.27722772277228
78.21782178217822
86.13861386138613
91.08910891089108
70.29702970297029
87.12871287128714
87.12871287128714
83.16831683168317
69.3069306930693
79.20792079207921
84.15841584158416
85.14851485148515
84.15841584158416
89.10891089108911
93.06930693069307
87.12871287128714
89.10891089108911
70.29702970297029
70.29702970297029
88.11881188118812
84.15841584158416
91.08910891089108
92.07920792079207
88.11881188118812
89.10891089108911
88.11881188118812
80.1980198019802
80.1980198019802
75.24752475247524
83.16831683168317
88.11881188118812
88.11881188118812
84.15841584158416
72.27722772277228
72.27722772277228
83.16831683168317
83.16831683168317
89.10891089108911
90.0990099009901
84.15841584158416
72.27722772277228
85.14851485148515
89.10891089108911
74.25742574257426
74.25742574257426
88.11881188118812
72.27722772277228
66.33663366336634
74.25742574257426
88.11881188118812
82.17821782178218
88.11881188118812
84.15841584158416
74.25742574257426
80.1980198019802
86.13861386138613
71.2871287128713
86.13861386138613
83.16831683168317
72.27722772277228
76.23762376237623
76.23762376237623
64.35643564356435
89.10891089108911
88.11881188118812
86.13861386138613
86.13861386138613
85.14851485148515
89.10891089108911
86.13861386138613
90.0990099009901
84.15841584158416
72.27722772277228
87.12871287128714
72.27722772277228
64.35643564356435
87.12871287128714
79.20792079207921
70.29702970297029
76.23762376237623
85.14851485148515
86.13861386138613
89.10891089108911
71.2871287128713
88.11881188118812
84.15841584158416
72.27722772277228
64.35643564356435
91.08910891089108
94.05940594059406
82.17821782178218
95.04950495049505
70.29702970297029
88.11881188118812
86.13861386138613
82.17821782178218
79.20792079207921
84.15841584158416
85.14851485148515
78.21782178217822
86.13861386138613
90.0990099009901
90.0990099009901
83.16831683168317
95.04950495049505
91.08910891089108
77.22772277227723
77.22772277227723
86.13861386138613
87.12871287128714
72.27722772277228
85.14851485148515
89.10891089108911
68.31683168316832
92.07920792079207
75.24752475247524
80.1980198019802
88.11881188118812
84.15841584158416
86.13861386138613
73.26732673267327
87.12871287128714
87.12871287128714
72.27722772277228
72.27722772277228
87.12871287128714
81.18811881188118
90.0990099009901
88.11881188118812
73.26732673267327
86.13861386138613
74.25742574257426
70.29702970297029
84.15841584158416
83.16831683168317
75.24752475247524
73.26732673267327
92.07920792079207
90.0990099009901
92.07920792079207
94.05940594059406
85.14851485148515
90.0990099009901
91.08910891089108
91.08910891089108
84.15841584158416
82.17821782178218
78.21782178217822
83.16831683168317
79.20792079207921
72.27722772277228
76.23762376237623
84.15841584158416
70.29702970297029
75.24752475247524
68.31683168316832
88.11881188118812
90.0990099009901
83.16831683168317
90.0990099009901
86.13861386138613
88.11881188118812
87.12871287128714
76.23762376237623
75.24752475247524
84.15841584158416
80.1980198019802
84.15841584158416
82.17821782178218
85.14851485148515
69.3069306930693
87.12871287128714
88.11881188118812
90.0990099009901
86.13861386138613
70.29702970297029
78.21782178217822
86.13861386138613
88.11881188118812
83.16831683168317
88.11881188118812
81.18811881188118
90.0990099009901
87.12871287128714
87.12871287128714
84.15841584158416
86.13861386138613
80.1980198019802
92.07920792079207
80.1980198019802
86.13861386138613
90.0990099009901
72.27722772277228
91.08910891089108
86.13861386138613
90.0990099009901
89.10891089108911
88.11881188118812
89.10891089108911
81.18811881188118
90.0990099009901
88.11881188118812
88.11881188118812
73.26732673267327
80.1980198019802
87.12871287128714
90.0990099009901
86.13861386138613
88.11881188118812
84.15841584158416
88.11881188118812
94.05940594059406
91.08910891089108
85.14851485148515
87.12871287128714
66.33663366336634
65.34653465346534
84.15841584158416
90.0990099009901
91.08910891089108
87.12871287128714
84.15841584158416
75.24752475247524
82.17821782178218
88.11881188118812
89.10891089108911
67.32673267326733
88.11881188118812
82.17821782178218
79.20792079207921
88.11881188118812
71.2871287128713
73.26732673267327
74.25742574257426
83.16831683168317
92.07920792079207
80.1980198019802
87.12871287128714
75.24752475247524
73.26732673267327
81.18811881188118
72.27722772277228
93.06930693069307
96.03960396039604
78.21782178217822
77.22772277227723
84.15841584158416
90.0990099009901
84.15841584158416
87.12871287128714
74.25742574257426
84.15841584158416
88.11881188118812
82.17821782178218
83.16831683168317
86.13861386138613
95.04950495049505
70.29702970297029
89.10891089108911
89.10891089108911
80.1980198019802
91.08910891089108
87.12871287128714
81.18811881188118
82.17821782178218
72.27722772277228
84.15841584158416
82.17821782178218
88.11881188118812
83.16831683168317
90.0990099009901
88.11881188118812
73.26732673267327
74.25742574257426
91.08910891089108
79.20792079207921
83.16831683168317
90.0990099009901
72.27722772277228
85.14851485148515
85.14851485148515
87.12871287128714
83.16831683168317
73.26732673267327
73.26732673267327
85.14851485148515
86.13861386138613
94.05940594059406
84.15841584158416
74.25742574257426
83.16831683168317
86.13861386138613
71.2871287128713
85.14851485148515
76.23762376237623
87.12871287128714
91.08910891089108
93.06930693069307
81.18811881188118
92.07920792079207
76.23762376237623
84.15841584158416
90.0990099009901
89.10891089108911
66.33663366336634
84.15841584158416
96.03960396039604
89.10891089108911
90.0990099009901
82.17821782178218
90.0990099009901
74.25742574257426
88.11881188118812
74.25742574257426
89.10891089108911
85.14851485148515
66.33663366336634
86.13861386138613
89.10891089108911
91.08910891089108
87.12871287128714
58.415841584158414
70.29702970297029
67.32673267326733
84.15841584158416
94.05940594059406
83.16831683168317
83.16831683168317
85.14851485148515
69.3069306930693
83.16831683168317
73.26732673267327
80.1980198019802
87.12871287128714
88.11881188118812
75.24752475247524
88.11881188118812
71.2871287128713
90.0990099009901
77.22772277227723
74.25742574257426
65.34653465346534
77.22772277227723
88.11881188118812
77.22772277227723
92.07920792079207
80.1980198019802
83.16831683168317
91.08910891089108
85.14851485148515
84.15841584158416
88.11881188118812
80.1980198019802
87.12871287128714
81.18811881188118
86.13861386138613
87.12871287128714
85.14851485148515
91.08910891089108
90.0990099009901
81.18811881188118
73.26732673267327
80.1980198019802
75.24752475247524
71.2871287128713
89.10891089108911
84.15841584158416
70.29702970297029
92.07920792079207
81.18811881188118
73.26732673267327
83.16831683168317
70.29702970297029
82.17821782178218
79.20792079207921
81.18811881188118
72.27722772277228
87.12871287128714
87.12871287128714
84.15841584158416
80.1980198019802
84.15841584158416
84.15841584158416
73.26732673267327
67.32673267326733
85.14851485148515
89.10891089108911
77.22772277227723
88.11881188118812
81.18811881188118
65.34653465346534
74.25742574257426
76.23762376237623
66.33663366336634
92.07920792079207
91.08910891089108
73.26732673267327
73.26732673267327
82.17821782178218
80.1980198019802
76.23762376237623
90.0990099009901
87.12871287128714
68.31683168316832
87.12871287128714
90.0990099009901
82.17821782178218
84.15841584158416
71.2871287128713
86.13861386138613
79.20792079207921
80.1980198019802
87.12871287128714
90.0990099009901
88.11881188118812
85.14851485148515
85.14851485148515
83.16831683168317
88.11881188118812
83.16831683168317
92.07920792079207
89.10891089108911
84.15841584158416
88.11881188118812
85.14851485148515
70.29702970297029
69.3069306930693
83.16831683168317
83.16831683168317
90.0990099009901
78.21782178217822
88.11881188118812
90.0990099009901
88.11881188118812
88.11881188118812
88.11881188118812
72.27722772277228
85.14851485148515
89.10891089108911
75.24752475247524
85.14851485148515
75.24752475247524
76.23762376237623
74.25742574257426
83.16831683168317
88.11881188118812
87.12871287128714
86.13861386138613
70.29702970297029
71.2871287128713
89.10891089108911
85.14851485148515
88.11881188118812
93.06930693069307
90.0990099009901
69.3069306930693
76.23762376237623
78.21782178217822
70.29702970297029
92.07920792079207
84.15841584158416
83.16831683168317
81.18811881188118
85.14851485148515
81.18811881188118
90.0990099009901
86.13861386138613
82.17821782178218
89.10891089108911
84.15841584158416
88.11881188118812
72.27722772277228
79.20792079207921
85.14851485148515
84.15841584158416
85.14851485148515
87.12871287128714
86.13861386138613
84.15841584158416
91.08910891089108
85.14851485148515
86.13861386138613
72.27722772277228
90.0990099009901
83.16831683168317
84.15841584158416
81.18811881188118
86.13861386138613
85.14851485148515
70.29702970297029
85.14851485148515
90.0990099009901
83.16831683168317
85.14851485148515
82.17821782178218
88.11881188118812
83.16831683168317
71.2871287128713
89.10891089108911
67.32673267326733
80.1980198019802
93.06930693069307
79.20792079207921
87.12871287128714
73.26732673267327
92.07920792079207
76.23762376237623
86.13861386138613
77.22772277227723
73.26732673267327
89.10891089108911
91.08910891089108
81.18811881188118
72.27722772277228
92.07920792079207
78.21782178217822
85.14851485148515
87.12871287128714
89.10891089108911
90.0990099009901
84.15841584158416
74.25742574257426
87.12871287128714
88.11881188118812
90.0990099009901
85.14851485148515
71.2871287128713
75.24752475247524
83.16831683168317
81.18811881188118
88.11881188118812
92.07920792079207
88.11881188118812
73.26732673267327
88.11881188118812
79.20792079207921
85.14851485148515
87.12871287128714
82.17821782178218
74.25742574257426
92.07920792079207
77.22772277227723
76.23762376237623
86.13861386138613
88.11881188118812
87.12871287128714
74.25742574257426
89.10891089108911
87.12871287128714
74.25742574257426
69.3069306930693
82.17821782178218
90.0990099009901
90.0990099009901
78.21782178217822
82.17821782178218
74.25742574257426
81.18811881188118
66.33663366336634
71.2871287128713
89.10891089108911
65.34653465346534
85.14851485148515
89.10891089108911
89.10891089108911
83.16831683168317
72.27722772277228
91.08910891089108
84.15841584158416
90.0990099009901
84.15841584158416
76.23762376237623
83.16831683168317
83.16831683168317
78.21782178217822
86.13861386138613
81.18811881188118
88.11881188118812
87.12871287128714
84.15841584158416
70.29702970297029
72.27722772277228
84.15841584158416
88.11881188118812
83.16831683168317
71.2871287128713
64.35643564356435
88.11881188118812
79.20792079207921
89.10891089108911
63.366336633663366
82.17821782178218
81.18811881188118
79.20792079207921
86.13861386138613
79.20792079207921
84.15841584158416
90.0990099009901
85.14851485148515
89.10891089108911
80.1980198019802
88.11881188118812
80.1980198019802
85.14851485148515
88.11881188118812
83.16831683168317
91.08910891089108
86.13861386138613
85.14851485148515
81.18811881188118
83.16831683168317
88.11881188118812
77.22772277227723
84.15841584158416
89.10891089108911
85.14851485148515
87.12871287128714
87.12871287128714
85.14851485148515
91.08910891089108
87.12871287128714
80.1980198019802
90.0990099009901
84.15841584158416
82.17821782178218
72.27722772277228
75.24752475247524
82.17821782178218
67.32673267326733
74.25742574257426
91.08910891089108
86.13861386138613
86.13861386138613
73.26732673267327
83.16831683168317
91.08910891089108
85.14851485148515
74.25742574257426
80.1980198019802
89.10891089108911
90.0990099009901
87.12871287128714
72.27722772277228
84.15841584158416
92.07920792079207
82.17821782178218
70.29702970297029
80.1980198019802
78.21782178217822
80.1980198019802
78.21782178217822
89.10891089108911
73.26732673267327
67.32673267326733
84.15841584158416
87.12871287128714
90.0990099009901
92.07920792079207
84.15841584158416
87.12871287128714
88.11881188118812
81.18811881188118
80.1980198019802
89.10891089108911
78.21782178217822
90.0990099009901
94.05940594059406
92.07920792079207
68.31683168316832
87.12871287128714
78.21782178217822
64.35643564356435
85.14851485148515
80.1980198019802
84.15841584158416
68.31683168316832
83.16831683168317
87.12871287128714
66.33663366336634
76.23762376237623
89.10891089108911
83.16831683168317
72.27722772277228
72.27722772277228
90.0990099009901
70.29702970297029
87.12871287128714
71.2871287128713
80.1980198019802
80.1980198019802
83.16831683168317
84.15841584158416
85.14851485148515
82.17821782178218
78.21782178217822
80.1980198019802
90.0990099009901
89.10891089108911
87.12871287128714
73.26732673267327
81.18811881188118
91.08910891089108
89.10891089108911
90.0990099009901
80.1980198019802
74.25742574257426
71.2871287128713
73.26732673267327
85.14851485148515
90.0990099009901
92.07920792079207
90.0990099009901
74.25742574257426
81.18811881188118
90.0990099009901
89.10891089108911
91.08910891089108
84.15841584158416
85.14851485148515
74.25742574257426
93.06930693069307
82.17821782178218
75.24752475247524
81.18811881188118
87.12871287128714
84.15841584158416
79.20792079207921
89.10891089108911
83.16831683168317
72.27722772277228
84.15841584158416
82.17821782178218
73.26732673267327
70.29702970297029
72.27722772277228
78.21782178217822
84.15841584158416
87.12871287128714
91.08910891089108
91.08910891089108
88.11881188118812
89.10891089108911
83.16831683168317
72.27722772277228
91.08910891089108
67.32673267326733
69.3069306930693
87.12871287128714
71.2871287128713
81.18811881188118
84.15841584158416
72.27722772277228
62.37623762376238
79.20792079207921
84.15841584158416
90.0990099009901
90.0990099009901
78.21782178217822
92.07920792079207
77.22772277227723
83.16831683168317
72.27722772277228
75.24752475247524
66.33663366336634
81.18811881188118
71.2871287128713
85.14851485148515
87.12871287128714
70.29702970297029
90.0990099009901
82.17821782178218
81.18811881188118
85.14851485148515
86.13861386138613
68.31683168316832
78.21782178217822
89.10891089108911
89.10891089108911
81.18811881188118
85.14851485148515
76.23762376237623
83.16831683168317
83.16831683168317
86.13861386138613
82.17821782178218
75.24752475247524
86.13861386138613
85.14851485148515
82.17821782178218
